1000
10 5 44 67 92 134 264 567 843 888 999 
10 10 23 87 122 199 299 365 474 685 900
0
0 1 16
1 2 5
2 3 17
3 4 5
4 5 10
5 6 18
6 7 11
7 8 1
8 9 16
10 11 17
11 12 19
12 13 9
13 14 2
14 15 3
15 16 5
16 17 4
17 18 7
18 19 21
20 21 9
21 22 3
22 23 11
23 24 17
24 25 1
25 26 5
26 27 17
27 28 17
28 29 10
30 31 20
31 32 8
32 33 9
33 34 9
34 35 19
35 36 6
36 37 1
37 38 3
38 39 18
40 41 18
41 42 8
42 43 17
43 44 20
44 45 11
45 46 19
46 47 2
47 48 18
48 49 3
50 51 8
51 52 18
52 53 20
53 54 8
54 55 7
55 56 8
56 57 8
57 58 19
58 59 14
60 61 19
61 62 18
62 63 8
63 64 11
64 65 7
65 66 3
66 67 4
67 68 15
68 69 1
70 71 19
71 72 2
72 73 20
73 74 10
74 75 20
75 76 1
76 77 8
77 78 17
78 79 20
80 81 10
81 82 8
82 83 13
83 84 10
84 85 4
85 86 5
86 87 15
87 88 20
88 89 12
90 91 13
91 92 9
92 93 15
93 94 6
94 95 6
95 96 12
96 97 5
97 98 7
98 99 17
100 101 15
101 102 10
102 103 9
103 104 20
104 105 13
105 106 10
106 107 13
107 108 5
108 109 12
110 111 13
111 112 19
112 113 20
113 114 1
114 115 16
115 116 16
116 117 5
117 118 2
118 119 19
120 121 19
121 122 12
122 123 17
123 124 10
124 125 19
125 126 21
126 127 4
127 128 13
128 129 14
130 131 16
131 132 1
132 133 1
133 134 18
134 135 2
135 136 14
136 137 2
137 138 19
138 139 11
140 141 10
141 142 4
142 143 10
143 144 3
144 145 4
145 146 2
146 147 3
147 148 14
148 149 16
150 151 16
151 152 7
152 153 6
153 154 13
154 155 13
155 156 15
156 157 18
157 158 17
158 159 2
160 161 12
161 162 6
162 163 1
163 164 8
164 165 6
165 166 3
166 167 20
167 168 21
168 169 1
170 171 2
171 172 10
172 173 9
173 174 7
174 175 14
175 176 21
176 177 15
177 178 2
178 179 2
180 181 4
181 182 13
182 183 15
183 184 18
184 185 4
185 186 17
186 187 18
187 188 2
188 189 16
190 191 17
191 192 8
192 193 16
193 194 11
194 195 16
195 196 15
196 197 7
197 198 17
198 199 8
200 201 5
201 202 17
202 203 4
203 204 6
204 205 7
205 206 17
206 207 8
207 208 16
208 209 1
210 211 3
211 212 15
212 213 17
213 214 17
214 215 1
215 216 19
216 217 15
217 218 7
218 219 8
220 221 8
221 222 20
222 223 21
223 224 18
224 225 10
225 226 15
226 227 12
227 228 10
228 229 6
230 231 7
231 232 11
232 233 14
233 234 9
234 235 7
235 236 21
236 237 18
237 238 1
238 239 3
240 241 4
241 242 19
242 243 8
243 244 1
244 245 8
245 246 9
246 247 9
247 248 15
248 249 6
250 251 21
251 252 13
252 253 8
253 254 11
254 255 15
255 256 19
256 257 17
257 258 12
258 259 11
260 261 19
261 262 3
262 263 9
263 264 19
264 265 13
265 266 9
266 267 6
267 268 16
268 269 14
270 271 17
271 272 19
272 273 5
273 274 13
274 275 6
275 276 17
276 277 13
277 278 6
278 279 2
280 281 4
281 282 1
282 283 7
283 284 20
284 285 5
285 286 8
286 287 10
287 288 15
288 289 21
290 291 8
291 292 8
292 293 13
293 294 21
294 295 18
295 296 14
296 297 18
297 298 21
298 299 5
300 301 19
301 302 18
302 303 15
303 304 18
304 305 9
305 306 2
306 307 21
307 308 18
308 309 17
310 311 16
311 312 4
312 313 5
313 314 13
314 315 17
315 316 12
316 317 9
317 318 14
318 319 1
320 321 16
321 322 3
322 323 2
323 324 11
324 325 16
325 326 3
326 327 7
327 328 20
328 329 10
330 331 6
331 332 21
332 333 10
333 334 12
334 335 10
335 336 16
336 337 16
337 338 15
338 339 11
340 341 9
341 342 11
342 343 21
343 344 8
344 345 14
345 346 18
346 347 11
347 348 10
348 349 6
350 351 1
351 352 8
352 353 4
353 354 13
354 355 1
355 356 21
356 357 9
357 358 7
358 359 2
360 361 1
361 362 14
362 363 15
363 364 14
364 365 7
365 366 20
366 367 4
367 368 20
368 369 20
370 371 19
371 372 19
372 373 2
373 374 11
374 375 5
375 376 11
376 377 1
377 378 6
378 379 20
380 381 21
381 382 16
382 383 12
383 384 5
384 385 13
385 386 18
386 387 8
387 388 3
388 389 21
390 391 19
391 392 17
392 393 11
393 394 16
394 395 3
395 396 2
396 397 7
397 398 5
398 399 21
400 401 15
401 402 11
402 403 4
403 404 2
404 405 4
405 406 16
406 407 21
407 408 19
408 409 11
410 411 6
411 412 21
412 413 3
413 414 13
414 415 8
415 416 11
416 417 14
417 418 21
418 419 4
420 421 2
421 422 11
422 423 1
423 424 2
424 425 6
425 426 18
426 427 9
427 428 6
428 429 14
430 431 2
431 432 9
432 433 17
433 434 9
434 435 10
435 436 10
436 437 18
437 438 13
438 439 14
440 441 5
441 442 6
442 443 5
443 444 14
444 445 7
445 446 5
446 447 6
447 448 17
448 449 13
450 451 8
451 452 21
452 453 19
453 454 1
454 455 18
455 456 3
456 457 10
457 458 11
458 459 15
460 461 16
461 462 3
462 463 12
463 464 8
464 465 11
465 466 17
466 467 9
467 468 17
468 469 15
470 471 13
471 472 19
472 473 1
473 474 5
474 475 8
475 476 18
476 477 12
477 478 17
478 479 5
480 481 16
481 482 7
482 483 20
483 484 18
484 485 17
485 486 18
486 487 21
487 488 12
488 489 16
490 491 6
491 492 9
492 493 17
493 494 4
494 495 3
495 496 4
496 497 3
497 498 5
498 499 19
500 501 9
501 502 8
502 503 10
503 504 2
504 505 3
505 506 19
506 507 18
507 508 19
508 509 16
510 511 5
511 512 3
512 513 4
513 514 10
514 515 19
515 516 4
516 517 3
517 518 15
518 519 17
520 521 7
521 522 18
522 523 5
523 524 3
524 525 12
525 526 7
526 527 12
527 528 10
528 529 11
530 531 14
531 532 12
532 533 5
533 534 16
534 535 1
535 536 20
536 537 2
537 538 5
538 539 3
540 541 10
541 542 8
542 543 16
543 544 19
544 545 2
545 546 2
546 547 21
547 548 10
548 549 9
550 551 18
551 552 20
552 553 14
553 554 10
554 555 13
555 556 15
556 557 13
557 558 13
558 559 19
560 561 4
561 562 3
562 563 7
563 564 10
564 565 9
565 566 17
566 567 16
567 568 15
568 569 1
570 571 2
571 572 8
572 573 18
573 574 5
574 575 3
575 576 7
576 577 6
577 578 13
578 579 18
580 581 19
581 582 3
582 583 19
583 584 16
584 585 13
585 586 16
586 587 16
587 588 17
588 589 12
590 591 20
591 592 21
592 593 7
593 594 1
594 595 19
595 596 9
596 597 11
597 598 11
598 599 15
600 601 16
601 602 4
602 603 9
603 604 10
604 605 4
605 606 20
606 607 11
607 608 18
608 609 8
610 611 1
611 612 14
612 613 15
613 614 5
614 615 21
615 616 1
616 617 14
617 618 11
618 619 2
620 621 19
621 622 15
622 623 9
623 624 11
624 625 21
625 626 6
626 627 1
627 628 15
628 629 8
630 631 5
631 632 13
632 633 7
633 634 15
634 635 18
635 636 12
636 637 1
637 638 19
638 639 21
640 641 10
641 642 1
642 643 21
643 644 19
644 645 10
645 646 19
646 647 4
647 648 6
648 649 3
650 651 15
651 652 19
652 653 3
653 654 10
654 655 8
655 656 19
656 657 6
657 658 4
658 659 18
660 661 9
661 662 20
662 663 1
663 664 2
664 665 17
665 666 10
666 667 6
667 668 2
668 669 12
670 671 8
671 672 10
672 673 15
673 674 16
674 675 21
675 676 3
676 677 10
677 678 3
678 679 20
680 681 3
681 682 11
682 683 21
683 684 6
684 685 3
685 686 20
686 687 3
687 688 16
688 689 17
690 691 4
691 692 14
692 693 7
693 694 3
694 695 21
695 696 19
696 697 18
697 698 14
698 699 19
700 701 10
701 702 18
702 703 3
703 704 21
704 705 9
705 706 17
706 707 18
707 708 17
708 709 3
710 711 10
711 712 13
712 713 11
713 714 1
714 715 21
715 716 7
716 717 12
717 718 3
718 719 19
720 721 11
721 722 4
722 723 7
723 724 9
724 725 5
725 726 14
726 727 1
727 728 15
728 729 7
730 731 15
731 732 13
732 733 16
733 734 2
734 735 17
735 736 19
736 737 10
737 738 11
738 739 12
740 741 19
741 742 6
742 743 5
743 744 19
744 745 15
745 746 1
746 747 11
747 748 5
748 749 15
750 751 7
751 752 14
752 753 15
753 754 14
754 755 4
755 756 8
756 757 8
757 758 13
758 759 11
760 761 2
761 762 7
762 763 14
763 764 2
764 765 15
765 766 6
766 767 12
767 768 10
768 769 10
770 771 4
771 772 2
772 773 5
773 774 3
774 775 21
775 776 14
776 777 7
777 778 16
778 779 20
780 781 4
781 782 18
782 783 8
783 784 3
784 785 20
785 786 20
786 787 13
787 788 12
788 789 17
790 791 21
791 792 4
792 793 13
793 794 2
794 795 10
795 796 7
796 797 12
797 798 18
798 799 3
800 801 1
801 802 1
802 803 11
803 804 9
804 805 18
805 806 17
806 807 4
807 808 13
808 809 12
810 811 12
811 812 19
812 813 14
813 814 8
814 815 16
815 816 9
816 817 15
817 818 19
818 819 9
820 821 10
821 822 1
822 823 20
823 824 9
824 825 7
825 826 16
826 827 7
827 828 12
828 829 10
830 831 12
831 832 10
832 833 2
833 834 1
834 835 1
835 836 1
836 837 9
837 838 17
838 839 18
840 841 16
841 842 8
842 843 7
843 844 2
844 845 1
845 846 9
846 847 13
847 848 8
848 849 5
850 851 10
851 852 10
852 853 15
853 854 3
854 855 7
855 856 11
856 857 19
857 858 3
858 859 1
860 861 14
861 862 6
862 863 1
863 864 9
864 865 17
865 866 8
866 867 18
867 868 14
868 869 8
870 871 16
871 872 13
872 873 15
873 874 3
874 875 5
875 876 14
876 877 21
877 878 10
878 879 15
880 881 13
881 882 12
882 883 17
883 884 20
884 885 16
885 886 19
886 887 3
887 888 15
888 889 5
890 891 21
891 892 11
892 893 3
893 894 2
894 895 6
895 896 3
896 897 12
897 898 7
898 899 17
900 901 16
901 902 8
902 903 2
903 904 15
904 905 15
905 906 13
906 907 18
907 908 14
908 909 14
910 911 18
911 912 10
912 913 11
913 914 14
914 915 20
915 916 17
916 917 19
917 918 17
918 919 16
920 921 8
921 922 19
922 923 21
923 924 7
924 925 19
925 926 21
926 927 5
927 928 5
928 929 21
930 931 20
931 932 19
932 933 14
933 934 7
934 935 5
935 936 20
936 937 14
937 938 16
938 939 7
940 941 10
941 942 21
942 943 17
943 944 20
944 945 16
945 946 19
946 947 3
947 948 11
948 949 7
950 951 11
951 952 11
952 953 13
953 954 11
954 955 17
955 956 8
956 957 8
957 958 12
958 959 2
960 961 9
961 962 13
962 963 4
963 964 7
964 965 1
965 966 8
966 967 10
967 968 21
968 969 8
970 971 2
971 972 21
972 973 13
973 974 10
974 975 7
975 976 15
976 977 12
977 978 7
978 979 14
980 981 6
981 982 20
982 983 18
983 984 21
984 985 19
985 986 9
986 987 6
987 988 15
988 989 7
990 991 6
991 992 2
992 993 4
993 994 21
994 995 13
995 996 13
996 997 14
997 998 12
998 999 9
0 10 1
1 11 5
2 12 20
3 13 19
4 14 19
5 15 11
6 16 10
7 17 3
8 18 5
9 19 16
10 20 5
11 21 3
12 22 12
13 23 12
14 24 2
15 25 16
16 26 14
17 27 5
18 28 8
19 29 20
20 30 1
21 31 18
22 32 15
23 33 13
24 34 19
25 35 10
26 36 13
27 37 16
28 38 13
29 39 16
30 40 18
31 41 20
32 42 12
33 43 13
34 44 4
35 45 2
36 46 5
37 47 5
38 48 20
39 49 8
40 50 9
41 51 11
42 52 11
43 53 11
44 54 18
45 55 2
46 56 13
47 57 12
48 58 9
49 59 17
50 60 10
51 61 3
52 62 2
53 63 19
54 64 11
55 65 14
56 66 11
57 67 4
58 68 14
59 69 19
60 70 21
61 71 4
62 72 7
63 73 6
64 74 15
65 75 20
66 76 9
67 77 10
68 78 17
69 79 5
70 80 12
71 81 19
72 82 19
73 83 8
74 84 1
75 85 11
76 86 15
77 87 5
78 88 3
79 89 2
80 90 7
81 91 11
82 92 2
83 93 18
84 94 14
85 95 19
86 96 21
87 97 21
88 98 11
89 99 19
90 100 9
91 101 17
92 102 11
93 103 3
94 104 19
95 105 17
96 106 9
97 107 11
98 108 5
99 109 1
100 110 5
101 111 1
102 112 18
103 113 8
104 114 9
105 115 18
106 116 16
107 117 15
108 118 6
109 119 12
110 120 13
111 121 10
112 122 10
113 123 3
114 124 6
115 125 14
116 126 21
117 127 17
118 128 4
119 129 14
120 130 13
121 131 19
122 132 12
123 133 17
124 134 1
125 135 6
126 136 12
127 137 7
128 138 9
129 139 18
130 140 17
131 141 2
132 142 12
133 143 9
134 144 10
135 145 17
136 146 6
137 147 15
138 148 17
139 149 2
140 150 19
141 151 9
142 152 4
143 153 12
144 154 7
145 155 12
146 156 3
147 157 6
148 158 9
149 159 13
150 160 18
151 161 9
152 162 5
153 163 21
154 164 10
155 165 6
156 166 7
157 167 20
158 168 16
159 169 16
160 170 20
161 171 7
162 172 11
163 173 6
164 174 20
165 175 21
166 176 8
167 177 1
168 178 21
169 179 12
170 180 11
171 181 9
172 182 15
173 183 7
174 184 4
175 185 15
176 186 7
177 187 14
178 188 6
179 189 4
180 190 10
181 191 21
182 192 10
183 193 2
184 194 17
185 195 6
186 196 8
187 197 5
188 198 13
189 199 13
190 200 17
191 201 20
192 202 1
193 203 15
194 204 6
195 205 1
196 206 12
197 207 2
198 208 17
199 209 21
200 210 20
201 211 3
202 212 13
203 213 18
204 214 3
205 215 3
206 216 6
207 217 19
208 218 2
209 219 4
210 220 19
211 221 19
212 222 8
213 223 14
214 224 8
215 225 1
216 226 19
217 227 4
218 228 18
219 229 12
220 230 7
221 231 2
222 232 15
223 233 1
224 234 10
225 235 16
226 236 21
227 237 18
228 238 12
229 239 10
230 240 4
231 241 1
232 242 19
233 243 17
234 244 7
235 245 9
236 246 12
237 247 18
238 248 18
239 249 8
240 250 10
241 251 3
242 252 18
243 253 2
244 254 2
245 255 6
246 256 18
247 257 21
248 258 16
249 259 16
250 260 5
251 261 10
252 262 19
253 263 7
254 264 16
255 265 5
256 266 14
257 267 7
258 268 19
259 269 15
260 270 19
261 271 2
262 272 16
263 273 6
264 274 18
265 275 11
266 276 17
267 277 10
268 278 17
269 279 1
270 280 2
271 281 1
272 282 18
273 283 13
274 284 3
275 285 10
276 286 15
277 287 4
278 288 15
279 289 16
280 290 12
281 291 5
282 292 18
283 293 14
284 294 6
285 295 5
286 296 6
287 297 13
288 298 3
289 299 11
290 300 5
291 301 10
292 302 13
293 303 7
294 304 18
295 305 11
296 306 20
297 307 16
298 308 10
299 309 10
300 310 13
301 311 20
302 312 13
303 313 12
304 314 12
305 315 12
306 316 19
307 317 18
308 318 14
309 319 4
310 320 1
311 321 5
312 322 17
313 323 16
314 324 16
315 325 10
316 326 9
317 327 19
318 328 20
319 329 21
320 330 10
321 331 16
322 332 1
323 333 12
324 334 21
325 335 5
326 336 11
327 337 17
328 338 18
329 339 20
330 340 20
331 341 6
332 342 7
333 343 20
334 344 13
335 345 14
336 346 2
337 347 17
338 348 4
339 349 18
340 350 17
341 351 4
342 352 18
343 353 16
344 354 17
345 355 9
346 356 18
347 357 6
348 358 6
349 359 7
350 360 20
351 361 3
352 362 11
353 363 13
354 364 11
355 365 18
356 366 18
357 367 19
358 368 10
359 369 10
360 370 15
361 371 8
362 372 16
363 373 14
364 374 2
365 375 14
366 376 14
367 377 14
368 378 11
369 379 16
370 380 15
371 381 4
372 382 12
373 383 2
374 384 15
375 385 3
376 386 6
377 387 8
378 388 16
379 389 5
380 390 20
381 391 4
382 392 11
383 393 3
384 394 11
385 395 18
386 396 9
387 397 7
388 398 21
389 399 15
390 400 8
391 401 14
392 402 18
393 403 5
394 404 9
395 405 5
396 406 13
397 407 12
398 408 10
399 409 9
400 410 16
401 411 18
402 412 16
403 413 19
404 414 20
405 415 11
406 416 9
407 417 19
408 418 18
409 419 4
410 420 10
411 421 16
412 422 3
413 423 4
414 424 14
415 425 1
416 426 12
417 427 1
418 428 16
419 429 4
420 430 13
421 431 2
422 432 7
423 433 21
424 434 20
425 435 11
426 436 14
427 437 7
428 438 7
429 439 5
430 440 6
431 441 9
432 442 19
433 443 8
434 444 21
435 445 19
436 446 19
437 447 20
438 448 3
439 449 6
440 450 8
441 451 7
442 452 13
443 453 6
444 454 15
445 455 15
446 456 20
447 457 18
448 458 15
449 459 7
450 460 13
451 461 6
452 462 6
453 463 3
454 464 4
455 465 9
456 466 9
457 467 3
458 468 15
459 469 7
460 470 12
461 471 19
462 472 16
463 473 2
464 474 10
465 475 5
466 476 13
467 477 16
468 478 9
469 479 3
470 480 7
471 481 8
472 482 7
473 483 7
474 484 14
475 485 10
476 486 10
477 487 17
478 488 20
479 489 1
480 490 9
481 491 6
482 492 20
483 493 5
484 494 19
485 495 13
486 496 20
487 497 8
488 498 9
489 499 15
490 500 18
491 501 5
492 502 11
493 503 3
494 504 7
495 505 7
496 506 7
497 507 12
498 508 7
499 509 14
500 510 12
501 511 3
502 512 10
503 513 20
504 514 18
505 515 16
506 516 4
507 517 19
508 518 17
509 519 13
510 520 13
511 521 6
512 522 13
513 523 8
514 524 1
515 525 17
516 526 7
517 527 21
518 528 11
519 529 10
520 530 3
521 531 10
522 532 19
523 533 13
524 534 1
525 535 8
526 536 21
527 537 10
528 538 5
529 539 2
530 540 3
531 541 20
532 542 20
533 543 17
534 544 10
535 545 12
536 546 6
537 547 11
538 548 2
539 549 9
540 550 4
541 551 17
542 552 7
543 553 10
544 554 1
545 555 11
546 556 12
547 557 14
548 558 10
549 559 14
550 560 18
551 561 18
552 562 16
553 563 11
554 564 2
555 565 2
556 566 14
557 567 8
558 568 3
559 569 7
560 570 15
561 571 20
562 572 8
563 573 20
564 574 19
565 575 6
566 576 19
567 577 14
568 578 21
569 579 9
570 580 1
571 581 17
572 582 17
573 583 10
574 584 7
575 585 12
576 586 7
577 587 6
578 588 7
579 589 16
580 590 18
581 591 18
582 592 6
583 593 7
584 594 5
585 595 1
586 596 17
587 597 6
588 598 11
589 599 1
590 600 8
591 601 8
592 602 19
593 603 8
594 604 8
595 605 14
596 606 15
597 607 14
598 608 13
599 609 5
600 610 11
601 611 16
602 612 11
603 613 1
604 614 18
605 615 3
606 616 1
607 617 15
608 618 11
609 619 19
610 620 7
611 621 14
612 622 19
613 623 6
614 624 10
615 625 21
616 626 14
617 627 3
618 628 20
619 629 2
620 630 16
621 631 5
622 632 19
623 633 21
624 634 20
625 635 15
626 636 9
627 637 18
628 638 21
629 639 2
630 640 13
631 641 3
632 642 21
633 643 1
634 644 8
635 645 17
636 646 8
637 647 2
638 648 19
639 649 9
640 650 2
641 651 7
642 652 12
643 653 18
644 654 21
645 655 11
646 656 2
647 657 9
648 658 12
649 659 21
650 660 18
651 661 9
652 662 6
653 663 13
654 664 8
655 665 1
656 666 19
657 667 6
658 668 1
659 669 15
660 670 3
661 671 16
662 672 10
663 673 14
664 674 2
665 675 6
666 676 16
667 677 6
668 678 1
669 679 13
670 680 12
671 681 3
672 682 10
673 683 1
674 684 21
675 685 1
676 686 6
677 687 13
678 688 14
679 689 21
680 690 7
681 691 17
682 692 5
683 693 3
684 694 16
685 695 4
686 696 6
687 697 12
688 698 21
689 699 11
690 700 10
691 701 4
692 702 10
693 703 11
694 704 18
695 705 12
696 706 6
697 707 7
698 708 5
699 709 20
700 710 19
701 711 16
702 712 17
703 713 1
704 714 4
705 715 2
706 716 7
707 717 13
708 718 11
709 719 5
710 720 1
711 721 2
712 722 18
713 723 2
714 724 3
715 725 2
716 726 9
717 727 18
718 728 10
719 729 13
720 730 1
721 731 13
722 732 11
723 733 13
724 734 3
725 735 4
726 736 11
727 737 12
728 738 2
729 739 11
730 740 1
731 741 20
732 742 8
733 743 1
734 744 4
735 745 18
736 746 9
737 747 8
738 748 14
739 749 10
740 750 6
741 751 17
742 752 4
743 753 16
744 754 3
745 755 1
746 756 13
747 757 16
748 758 18
749 759 12
750 760 9
751 761 5
752 762 2
753 763 3
754 764 15
755 765 13
756 766 5
757 767 5
758 768 16
759 769 13
760 770 19
761 771 9
762 772 20
763 773 3
764 774 14
765 775 10
766 776 16
767 777 17
768 778 21
769 779 11
770 780 9
771 781 17
772 782 10
773 783 18
774 784 18
775 785 4
776 786 3
777 787 4
778 788 10
779 789 1
780 790 14
781 791 1
782 792 12
783 793 20
784 794 7
785 795 13
786 796 4
787 797 19
788 798 2
789 799 20
790 800 19
791 801 7
792 802 16
793 803 3
794 804 16
795 805 12
796 806 7
797 807 8
798 808 9
799 809 9
800 810 6
801 811 5
802 812 11
803 813 1
804 814 12
805 815 19
806 816 4
807 817 12
808 818 9
809 819 1
810 820 10
811 821 20
812 822 10
813 823 15
814 824 7
815 825 9
816 826 11
817 827 12
818 828 7
819 829 13
820 830 17
821 831 19
822 832 3
823 833 17
824 834 18
825 835 2
826 836 8
827 837 21
828 838 7
829 839 5
830 840 15
831 841 13
832 842 20
833 843 1
834 844 7
835 845 14
836 846 15
837 847 6
838 848 7
839 849 8
840 850 2
841 851 21
842 852 21
843 853 4
844 854 1
845 855 8
846 856 2
847 857 2
848 858 15
849 859 13
850 860 11
851 861 8
852 862 17
853 863 4
854 864 5
855 865 4
856 866 15
857 867 2
858 868 2
859 869 21
860 870 14
861 871 18
862 872 10
863 873 1
864 874 6
865 875 13
866 876 5
867 877 2
868 878 11
869 879 2
870 880 5
871 881 19
872 882 5
873 883 8
874 884 16
875 885 4
876 886 2
877 887 18
878 888 18
879 889 19
880 890 17
881 891 5
882 892 1
883 893 18
884 894 10
885 895 11
886 896 12
887 897 10
888 898 16
889 899 1
890 900 12
891 901 10
892 902 14
893 903 2
894 904 20
895 905 8
896 906 13
897 907 14
898 908 6
899 909 3
900 910 13
901 911 15
902 912 15
903 913 15
904 914 12
905 915 7
906 916 2
907 917 19
908 918 11
909 919 17
910 920 19
911 921 15
912 922 19
913 923 12
914 924 15
915 925 5
916 926 10
917 927 7
918 928 11
919 929 20
920 930 11
921 931 16
922 932 5
923 933 16
924 934 9
925 935 18
926 936 4
927 937 21
928 938 19
929 939 3
930 940 12
931 941 17
932 942 15
933 943 11
934 944 8
935 945 21
936 946 2
937 947 6
938 948 6
939 949 17
940 950 9
941 951 21
942 952 6
943 953 7
944 954 6
945 955 20
946 956 7
947 957 13
948 958 20
949 959 14
950 960 6
951 961 17
952 962 9
953 963 8
954 964 17
955 965 18
956 966 3
957 967 16
958 968 8
959 969 4
960 970 15
961 971 11
962 972 18
963 973 11
964 974 12
965 975 13
966 976 18
967 977 11
968 978 6
969 979 7
970 980 13
971 981 11
972 982 18
973 983 10
974 984 10
975 985 16
976 986 11
977 987 11
978 988 7
979 989 8
980 990 4
981 991 15
982 992 7
983 993 19
984 994 19
985 995 17
986 996 13
987 997 3
988 998 14
989 999 4
