50
10 5 13 20 23 35 39 41 43 45 49 
10 2 9 11 21 24 25 28 31 38 47
0
0 1 1
0 5 1
1 2 1
1 6 1
2 3 1
2 7 1
3 4 1
3 8 1
4 9 1
5 6 1
5 10 1
6 7 1
6 11 1
7 8 1
7 12 1
8 9 1
8 13 1
9 14 1
10 11 1
10 15 1
11 12 1
11 16 1
12 13 1
12 17 1
13 14 1
13 18 1
14 19 1
15 16 1
15 20 1
16 17 1
16 21 1
17 18 1
17 22 1
18 19 1
18 23 1
19 24 1
20 21 1
20 25 1
21 22 1
21 26 1
22 23 1
22 27 1
23 24 1
23 28 1
24 29 1
25 26 1
25 30 1
26 27 1
26 31 1
27 28 1
27 32 1
28 29 1
28 33 1
29 34 1
30 31 1
30 35 1
31 32 1
31 36 1
32 33 1
32 37 1
33 34 1
33 38 1
34 39 1
35 36 1
35 40 1
36 37 1
36 41 1
37 38 1
37 42 1
38 39 1
38 43 1
39 44 1
40 41 1
40 45 1
41 42 1
41 46 1
42 43 1
42 37 1
43 44 1
43 48 1
44 49 1
45 46 1
46 47 1
48 49 1
