100
5 1 7 13 19 25
5 0 4 8 12 16 
0
0 1 16
0 2 17
0 3 17
0 4 21
0 5 10
0 6 8
0 7 16
0 8 20
0 9 7
0 10 8
0 11 19
0 12 4
0 13 19
0 14 13
0 15 7
0 16 8
0 17 7
0 18 6
0 19 9
0 20 13
0 21 12
0 22 11
0 23 4
0 24 2
0 25 12
0 26 19
0 27 20
0 28 4
0 29 4
0 30 15
0 31 6
0 32 11
0 33 11
0 34 14
0 35 8
0 36 17
0 37 11
0 38 9
0 39 10
0 40 8
0 41 15
0 42 8
0 43 1
0 44 2
0 45 9
0 46 16
0 47 8
0 48 18
0 49 7
0 50 19
0 51 16
0 52 21
0 53 21
0 54 1
0 55 3
0 56 4
0 57 19
0 58 8
0 59 12
0 60 8
0 61 6
0 62 7
0 63 4
0 64 4
0 65 15
0 66 8
0 67 5
0 68 5
0 69 8
0 70 16
0 71 12
0 72 5
0 73 15
0 74 4
0 75 18
0 76 3
0 77 18
0 78 13
0 79 10
0 80 4
0 81 19
0 82 13
0 83 15
0 84 5
0 85 14
0 86 8
0 87 16
0 88 20
0 89 9
0 90 13
0 91 11
0 92 11
0 93 9
0 94 12
0 95 2
0 96 12
0 97 5
0 98 7
0 99 7
1 2 5
1 3 8
1 4 21
1 5 14
1 6 15
1 7 17
1 8 9
1 9 2
1 10 10
1 11 7
1 12 3
1 13 21
1 14 17
1 15 20
1 16 10
1 17 15
1 18 7
1 19 21
1 20 17
1 21 14
1 22 21
1 23 19
1 24 2
1 25 11
1 26 21
1 27 13
1 28 21
1 29 6
1 30 19
1 31 11
1 32 5
1 33 10
1 34 21
1 35 21
1 36 16
1 37 19
1 38 19
1 39 1
1 40 6
1 41 21
1 42 21
1 43 1
1 44 14
1 45 18
1 46 8
1 47 11
1 48 2
1 49 3
1 50 17
1 51 6
1 52 16
1 53 6
1 54 17
1 55 15
1 56 5
1 57 12
1 58 10
1 59 7
1 60 17
1 61 4
1 62 13
1 63 14
1 64 1
1 65 13
1 66 13
1 67 2
1 68 2
1 69 18
1 70 8
1 71 14
1 72 5
1 73 4
1 74 10
1 75 2
1 76 1
1 77 17
1 78 15
1 79 8
1 80 17
1 81 2
1 82 19
1 83 8
1 84 5
1 85 19
1 86 11
1 87 2
1 88 18
1 89 20
1 90 10
1 91 4
1 92 17
1 93 9
1 94 7
1 95 13
1 96 21
1 97 18
1 98 21
1 99 18
2 3 3
2 4 12
2 5 6
2 6 18
2 7 14
2 8 12
2 9 12
2 10 9
2 11 7
2 12 16
2 13 13
2 14 11
2 15 7
2 16 13
2 17 11
2 18 1
2 19 13
2 20 1
2 21 5
2 22 8
2 23 13
2 24 10
2 25 6
2 26 8
2 27 12
2 28 8
2 29 13
2 30 1
2 31 2
2 32 9
2 33 3
2 34 15
2 35 4
2 36 3
2 37 20
2 38 21
2 39 18
2 40 17
2 41 14
2 42 8
2 43 5
2 44 16
2 45 14
2 46 20
2 47 7
2 48 15
2 49 11
2 50 21
2 51 15
2 52 19
2 53 13
2 54 16
2 55 11
2 56 4
2 57 20
2 58 7
2 59 1
2 60 7
2 61 18
2 62 5
2 63 11
2 64 2
2 65 7
2 66 12
2 67 8
2 68 8
2 69 8
2 70 15
2 71 14
2 72 7
2 73 9
2 74 14
2 75 21
2 76 13
2 77 17
2 78 5
2 79 10
2 80 18
2 81 2
2 82 21
2 83 13
2 84 12
2 85 19
2 86 15
2 87 7
2 88 20
2 89 5
2 90 4
2 91 18
2 92 4
2 93 21
2 94 21
2 95 3
2 96 6
2 97 20
2 98 20
2 99 12
3 4 6
3 5 8
3 6 6
3 7 11
3 8 4
3 9 14
3 10 7
3 11 3
3 12 15
3 13 21
3 14 12
3 15 21
3 16 13
3 17 10
3 18 5
3 19 2
3 20 6
3 21 3
3 22 1
3 23 5
3 24 4
3 25 12
3 26 13
3 27 19
3 28 5
3 29 12
3 30 5
3 31 3
3 32 9
3 33 17
3 34 2
3 35 4
3 36 4
3 37 7
3 38 10
3 39 5
3 40 10
3 41 9
3 42 14
3 43 17
3 44 16
3 45 6
3 46 5
3 47 12
3 48 13
3 49 5
3 50 16
3 51 2
3 52 15
3 53 20
3 54 4
3 55 17
3 56 20
3 57 15
3 58 19
3 59 19
3 60 11
3 61 21
3 62 3
3 63 11
3 64 10
3 65 5
3 66 19
3 67 21
3 68 13
3 69 1
3 70 17
3 71 4
3 72 8
3 73 21
3 74 4
3 75 20
3 76 19
3 77 3
3 78 6
3 79 17
3 80 20
3 81 11
3 82 3
3 83 20
3 84 21
3 85 19
3 86 16
3 87 14
3 88 13
3 89 16
3 90 1
3 91 10
3 92 16
3 93 19
3 94 4
3 95 19
3 96 19
3 97 20
3 98 18
3 99 16
4 5 10
4 6 9
4 7 21
4 8 16
4 9 9
4 10 6
4 11 11
4 12 9
4 13 4
4 14 21
4 15 16
4 16 21
4 17 16
4 18 5
4 19 9
4 20 6
4 21 20
4 22 7
4 23 19
4 24 1
4 25 6
4 26 10
4 27 15
4 28 13
4 29 20
4 30 2
4 31 1
4 32 4
4 33 5
4 34 9
4 35 13
4 36 9
4 37 7
4 38 17
4 39 4
4 40 14
4 41 3
4 42 20
4 43 11
4 44 3
4 45 9
4 46 10
4 47 17
4 48 3
4 49 9
4 50 6
4 51 12
4 52 10
4 53 6
4 54 7
4 55 2
4 56 8
4 57 5
4 58 20
4 59 11
4 60 6
4 61 20
4 62 21
4 63 19
4 64 18
4 65 9
4 66 8
4 67 21
4 68 2
4 69 9
4 70 15
4 71 20
4 72 5
4 73 18
4 74 7
4 75 16
4 76 12
4 77 5
4 78 8
4 79 1
4 80 2
4 81 10
4 82 15
4 83 4
4 84 20
4 85 5
4 86 21
4 87 14
4 88 10
4 89 13
4 90 5
4 91 10
4 92 6
4 93 6
4 94 5
4 95 8
4 96 4
4 97 1
4 98 9
4 99 21
5 6 14
5 7 2
5 8 21
5 9 14
5 10 21
5 11 11
5 12 10
5 13 13
5 14 17
5 15 7
5 16 2
5 17 7
5 18 1
5 19 4
5 20 4
5 21 2
5 22 7
5 23 9
5 24 1
5 25 15
5 26 10
5 27 20
5 28 8
5 29 14
5 30 18
5 31 8
5 32 5
5 33 21
5 34 10
5 35 2
5 36 1
5 37 19
5 38 9
5 39 2
5 40 7
5 41 3
5 42 21
5 43 8
5 44 12
5 45 11
5 46 14
5 47 18
5 48 12
5 49 21
5 50 7
5 51 1
5 52 11
5 53 6
5 54 8
5 55 7
5 56 10
5 57 3
5 58 3
5 59 7
5 60 20
5 61 1
5 62 19
5 63 4
5 64 2
5 65 15
5 66 14
5 67 4
5 68 5
5 69 6
5 70 21
5 71 15
5 72 4
5 73 7
5 74 7
5 75 13
5 76 17
5 77 5
5 78 4
5 79 1
5 80 20
5 81 6
5 82 18
5 83 21
5 84 11
5 85 13
5 86 14
5 87 15
5 88 15
5 89 18
5 90 1
5 91 17
5 92 16
5 93 15
5 94 8
5 95 14
5 96 2
5 97 12
5 98 2
5 99 16
6 7 16
6 8 17
6 9 18
6 10 15
6 11 3
6 12 9
6 13 13
6 14 21
6 15 21
6 16 14
6 17 8
6 18 17
6 19 7
6 20 11
6 21 18
6 22 18
6 23 8
6 24 2
6 25 11
6 26 5
6 27 6
6 28 5
6 29 1
6 30 8
6 31 16
6 32 20
6 33 11
6 34 16
6 35 15
6 36 8
6 37 11
6 38 12
6 39 5
6 40 9
6 41 17
6 42 1
6 43 16
6 44 16
6 45 13
6 46 3
6 47 18
6 48 3
6 49 12
6 50 14
6 51 5
6 52 20
6 53 12
6 54 7
6 55 8
6 56 11
6 57 10
6 58 10
6 59 8
6 60 14
6 61 14
6 62 14
6 63 6
6 64 7
6 65 15
6 66 17
6 67 13
6 68 20
6 69 10
6 70 2
6 71 17
6 72 9
6 73 17
6 74 16
6 75 21
6 76 10
6 77 5
6 78 16
6 79 15
6 80 20
6 81 17
6 82 14
6 83 18
6 84 5
6 85 9
6 86 3
6 87 17
6 88 11
6 89 16
6 90 14
6 91 3
6 92 11
6 93 12
6 94 19
6 95 14
6 96 7
6 97 7
6 98 20
6 99 9
7 8 1
7 9 17
7 10 21
7 11 7
7 12 10
7 13 9
7 14 10
7 15 12
7 16 13
7 17 9
7 18 13
7 19 11
7 20 21
7 21 13
7 22 6
7 23 12
7 24 15
7 25 13
7 26 20
7 27 15
7 28 6
7 29 12
7 30 20
7 31 14
7 32 1
7 33 21
7 34 11
7 35 21
7 36 21
7 37 21
7 38 10
7 39 7
7 40 17
7 41 21
7 42 17
7 43 1
7 44 20
7 45 7
7 46 1
7 47 4
7 48 1
7 49 2
7 50 20
7 51 11
7 52 4
7 53 5
7 54 13
7 55 12
7 56 21
7 57 3
7 58 16
7 59 12
7 60 8
7 61 15
7 62 12
7 63 5
7 64 20
7 65 16
7 66 6
7 67 16
7 68 4
7 69 2
7 70 7
7 71 12
7 72 18
7 73 8
7 74 17
7 75 4
7 76 2
7 77 14
7 78 3
7 79 7
7 80 3
7 81 17
7 82 14
7 83 11
7 84 13
7 85 6
7 86 7
7 87 9
7 88 3
7 89 11
7 90 11
7 91 15
7 92 18
7 93 20
7 94 1
7 95 12
7 96 2
7 97 12
7 98 6
7 99 16
8 9 4
8 10 16
8 11 5
8 12 5
8 13 19
8 14 8
8 15 2
8 16 17
8 17 8
8 18 6
8 19 8
8 20 9
8 21 2
8 22 5
8 23 19
8 24 21
8 25 4
8 26 12
8 27 17
8 28 15
8 29 2
8 30 9
8 31 5
8 32 8
8 33 18
8 34 9
8 35 3
8 36 10
8 37 16
8 38 1
8 39 18
8 40 8
8 41 5
8 42 9
8 43 1
8 44 20
8 45 12
8 46 8
8 47 19
8 48 4
8 49 8
8 50 9
8 51 12
8 52 18
8 53 8
8 54 3
8 55 3
8 56 20
8 57 16
8 58 11
8 59 18
8 60 2
8 61 14
8 62 11
8 63 5
8 64 3
8 65 17
8 66 10
8 67 1
8 68 17
8 69 9
8 70 2
8 71 8
8 72 1
8 73 7
8 74 4
8 75 2
8 76 17
8 77 20
8 78 15
8 79 15
8 80 11
8 81 6
8 82 15
8 83 14
8 84 9
8 85 4
8 86 8
8 87 20
8 88 21
8 89 17
8 90 14
8 91 8
8 92 14
8 93 9
8 94 9
8 95 15
8 96 15
8 97 10
8 98 10
8 99 5
9 10 8
9 11 20
9 12 9
9 13 20
9 14 19
9 15 9
9 16 20
9 17 21
9 18 14
9 19 21
9 20 20
9 21 1
9 22 12
9 23 9
9 24 10
9 25 11
9 26 20
9 27 13
9 28 17
9 29 8
9 30 10
9 31 14
9 32 16
9 33 7
9 34 3
9 35 16
9 36 17
9 37 12
9 38 6
9 39 8
9 40 15
9 41 14
9 42 11
9 43 1
9 44 3
9 45 11
9 46 14
9 47 10
9 48 3
9 49 14
9 50 2
9 51 18
9 52 9
9 53 19
9 54 18
9 55 10
9 56 19
9 57 5
9 58 13
9 59 5
9 60 8
9 61 3
9 62 5
9 63 3
9 64 16
9 65 19
9 66 14
9 67 18
9 68 11
9 69 4
9 70 7
9 71 8
9 72 5
9 73 20
9 74 19
9 75 2
9 76 11
9 77 16
9 78 1
9 79 11
9 80 20
9 81 3
9 82 7
9 83 4
9 84 6
9 85 13
9 86 1
9 87 19
9 88 3
9 89 6
9 90 15
9 91 10
9 92 21
9 93 4
9 94 21
9 95 11
9 96 16
9 97 17
9 98 1
9 99 14
10 11 4
10 12 19
10 13 7
10 14 4
10 15 5
10 16 7
10 17 13
10 18 16
10 19 15
10 20 13
10 21 14
10 22 11
10 23 8
10 24 5
10 25 21
10 26 4
10 27 16
10 28 21
10 29 14
10 30 15
10 31 2
10 32 1
10 33 20
10 34 21
10 35 1
10 36 8
10 37 1
10 38 16
10 39 8
10 40 4
10 41 21
10 42 21
10 43 4
10 44 5
10 45 8
10 46 9
10 47 7
10 48 7
10 49 8
10 50 8
10 51 11
10 52 8
10 53 13
10 54 3
10 55 12
10 56 6
10 57 3
10 58 9
10 59 1
10 60 14
10 61 11
10 62 2
10 63 18
10 64 1
10 65 5
10 66 12
10 67 21
10 68 12
10 69 10
10 70 16
10 71 14
10 72 4
10 73 1
10 74 12
10 75 4
10 76 6
10 77 15
10 78 3
10 79 7
10 80 5
10 81 7
10 82 15
10 83 1
10 84 1
10 85 20
10 86 1
10 87 4
10 88 3
10 89 3
10 90 17
10 91 20
10 92 20
10 93 6
10 94 16
10 95 12
10 96 18
10 97 17
10 98 4
10 99 6
11 12 16
11 13 1
11 14 14
11 15 9
11 16 16
11 17 15
11 18 16
11 19 11
11 20 7
11 21 7
11 22 1
11 23 17
11 24 16
11 25 20
11 26 18
11 27 2
11 28 17
11 29 11
11 30 16
11 31 20
11 32 15
11 33 3
11 34 7
11 35 6
11 36 13
11 37 8
11 38 18
11 39 19
11 40 12
11 41 1
11 42 21
11 43 15
11 44 7
11 45 3
11 46 21
11 47 14
11 48 7
11 49 17
11 50 3
11 51 14
11 52 11
11 53 10
11 54 4
11 55 10
11 56 3
11 57 5
11 58 17
11 59 5
11 60 13
11 61 10
11 62 8
11 63 21
11 64 21
11 65 8
11 66 17
11 67 14
11 68 3
11 69 2
11 70 18
11 71 6
11 72 4
11 73 20
11 74 13
11 75 4
11 76 5
11 77 21
11 78 18
11 79 3
11 80 8
11 81 8
11 82 1
11 83 14
11 84 10
11 85 11
11 86 11
11 87 12
11 88 18
11 89 11
11 90 21
11 91 13
11 92 21
11 93 20
11 94 12
11 95 16
11 96 3
11 97 8
11 98 16
11 99 5
12 13 5
12 14 12
12 15 3
12 16 1
12 17 2
12 18 12
12 19 12
12 20 15
12 21 11
12 22 19
12 23 8
12 24 17
12 25 19
12 26 2
12 27 1
12 28 12
12 29 10
12 30 13
12 31 4
12 32 8
12 33 1
12 34 9
12 35 19
12 36 15
12 37 17
12 38 20
12 39 3
12 40 1
12 41 9
12 42 8
12 43 5
12 44 7
12 45 17
12 46 11
12 47 20
12 48 4
12 49 3
12 50 1
12 51 4
12 52 21
12 53 10
12 54 13
12 55 1
12 56 21
12 57 9
12 58 8
12 59 10
12 60 13
12 61 6
12 62 10
12 63 12
12 64 8
12 65 15
12 66 1
12 67 11
12 68 7
12 69 18
12 70 16
12 71 15
12 72 17
12 73 14
12 74 4
12 75 3
12 76 19
12 77 2
12 78 11
12 79 16
12 80 6
12 81 18
12 82 19
12 83 15
12 84 12
12 85 14
12 86 14
12 87 20
12 88 21
12 89 2
12 90 20
12 91 13
12 92 20
12 93 2
12 94 16
12 95 16
12 96 18
12 97 11
12 98 19
12 99 15
13 14 6
13 15 8
13 16 13
13 17 5
13 18 10
13 19 2
13 20 9
13 21 18
13 22 13
13 23 14
13 24 14
13 25 8
13 26 19
13 27 6
13 28 8
13 29 9
13 30 16
13 31 16
13 32 15
13 33 1
13 34 15
13 35 9
13 36 13
13 37 19
13 38 21
13 39 4
13 40 20
13 41 3
13 42 10
13 43 14
13 44 2
13 45 12
13 46 18
13 47 12
13 48 12
13 49 4
13 50 5
13 51 2
13 52 11
13 53 13
13 54 20
13 55 16
13 56 8
13 57 5
13 58 6
13 59 3
13 60 11
13 61 6
13 62 7
13 63 1
13 64 16
13 65 16
13 66 13
13 67 18
13 68 15
13 69 17
13 70 15
13 71 20
13 72 2
13 73 5
13 74 4
13 75 13
13 76 19
13 77 19
13 78 9
13 79 2
13 80 3
13 81 6
13 82 17
13 83 20
13 84 8
13 85 12
13 86 6
13 87 6
13 88 18
13 89 8
13 90 14
13 91 21
13 92 18
13 93 19
13 94 16
13 95 5
13 96 18
13 97 14
13 98 6
13 99 4
14 15 16
14 16 6
14 17 8
14 18 10
14 19 9
14 20 14
14 21 12
14 22 3
14 23 20
14 24 4
14 25 7
14 26 10
14 27 11
14 28 14
14 29 1
14 30 20
14 31 12
14 32 20
14 33 1
14 34 19
14 35 6
14 36 17
14 37 10
14 38 2
14 39 4
14 40 7
14 41 21
14 42 16
14 43 1
14 44 20
14 45 18
14 46 17
14 47 10
14 48 1
14 49 15
14 50 15
14 51 2
14 52 1
14 53 11
14 54 10
14 55 18
14 56 5
14 57 18
14 58 11
14 59 11
14 60 3
14 61 5
14 62 13
14 63 18
14 64 18
14 65 1
14 66 14
14 67 5
14 68 19
14 69 12
14 70 12
14 71 7
14 72 4
14 73 1
14 74 15
14 75 11
14 76 3
14 77 2
14 78 1
14 79 3
14 80 8
14 81 7
14 82 19
14 83 5
14 84 14
14 85 20
14 86 1
14 87 16
14 88 19
14 89 14
14 90 19
14 91 11
14 92 18
14 93 2
14 94 16
14 95 9
14 96 12
14 97 17
14 98 19
14 99 2
15 16 17
15 17 4
15 18 2
15 19 15
15 20 3
15 21 2
15 22 19
15 23 17
15 24 16
15 25 2
15 26 17
15 27 21
15 28 5
15 29 11
15 30 11
15 31 21
15 32 5
15 33 12
15 34 18
15 35 1
15 36 6
15 37 11
15 38 21
15 39 4
15 40 5
15 41 5
15 42 15
15 43 11
15 44 14
15 45 14
15 46 17
15 47 17
15 48 8
15 49 14
15 50 7
15 51 6
15 52 12
15 53 8
15 54 21
15 55 4
15 56 17
15 57 20
15 58 21
15 59 15
15 60 7
15 61 18
15 62 15
15 63 6
15 64 14
15 65 13
15 66 10
15 67 18
15 68 6
15 69 1
15 70 6
15 71 17
15 72 3
15 73 1
15 74 10
15 75 7
15 76 6
15 77 10
15 78 3
15 79 18
15 80 19
15 81 17
15 82 5
15 83 13
15 84 15
15 85 14
15 86 13
15 87 20
15 88 17
15 89 20
15 90 12
15 91 6
15 92 8
15 93 20
15 94 10
15 95 8
15 96 6
15 97 3
15 98 12
15 99 18
16 17 11
16 18 2
16 19 1
16 20 15
16 21 1
16 22 7
16 23 6
16 24 19
16 25 16
16 26 3
16 27 14
16 28 15
16 29 20
16 30 16
16 31 5
16 32 13
16 33 9
16 34 18
16 35 20
16 36 16
16 37 21
16 38 4
16 39 8
16 40 11
16 41 4
16 42 3
16 43 3
16 44 20
16 45 10
16 46 12
16 47 2
16 48 17
16 49 1
16 50 15
16 51 5
16 52 5
16 53 3
16 54 1
16 55 19
16 56 18
16 57 20
16 58 10
16 59 1
16 60 18
16 61 16
16 62 8
16 63 18
16 64 10
16 65 14
16 66 8
16 67 19
16 68 9
16 69 13
16 70 3
16 71 11
16 72 9
16 73 17
16 74 11
16 75 16
16 76 14
16 77 19
16 78 18
16 79 14
16 80 3
16 81 10
16 82 15
16 83 1
16 84 17
16 85 6
16 86 14
16 87 11
16 88 8
16 89 17
16 90 7
16 91 4
16 92 6
16 93 21
16 94 15
16 95 2
16 96 4
16 97 10
16 98 15
16 99 2
17 18 21
17 19 8
17 20 5
17 21 15
17 22 15
17 23 1
17 24 5
17 25 12
17 26 15
17 27 19
17 28 3
17 29 1
17 30 10
17 31 14
17 32 18
17 33 13
17 34 8
17 35 6
17 36 18
17 37 15
17 38 9
17 39 12
17 40 15
17 41 6
17 42 5
17 43 5
17 44 4
17 45 10
17 46 21
17 47 7
17 48 10
17 49 13
17 50 2
17 51 15
17 52 11
17 53 15
17 54 3
17 55 11
17 56 7
17 57 6
17 58 11
17 59 18
17 60 12
17 61 1
17 62 8
17 63 19
17 64 10
17 65 12
17 66 21
17 67 16
17 68 4
17 69 17
17 70 14
17 71 11
17 72 17
17 73 16
17 74 20
17 75 3
17 76 17
17 77 6
17 78 20
17 79 19
17 80 10
17 81 5
17 82 11
17 83 10
17 84 21
17 85 14
17 86 9
17 87 19
17 88 14
17 89 19
17 90 6
17 91 5
17 92 5
17 93 12
17 94 11
17 95 17
17 96 13
17 97 21
17 98 8
17 99 18
18 19 19
18 20 21
18 21 20
18 22 8
18 23 11
18 24 8
18 25 15
18 26 19
18 27 7
18 28 14
18 29 17
18 30 6
18 31 19
18 32 15
18 33 13
18 34 9
18 35 16
18 36 21
18 37 10
18 38 11
18 39 10
18 40 15
18 41 20
18 42 6
18 43 13
18 44 7
18 45 11
18 46 11
18 47 20
18 48 6
18 49 2
18 50 11
18 51 21
18 52 8
18 53 12
18 54 13
18 55 16
18 56 21
18 57 10
18 58 7
18 59 15
18 60 15
18 61 7
18 62 5
18 63 12
18 64 4
18 65 14
18 66 8
18 67 15
18 68 19
18 69 10
18 70 19
18 71 9
18 72 2
18 73 18
18 74 18
18 75 21
18 76 16
18 77 3
18 78 9
18 79 8
18 80 17
18 81 5
18 82 1
18 83 5
18 84 15
18 85 11
18 86 7
18 87 6
18 88 11
18 89 3
18 90 11
18 91 4
18 92 21
18 93 9
18 94 12
18 95 18
18 96 21
18 97 11
18 98 5
18 99 3
19 20 2
19 21 17
19 22 3
19 23 5
19 24 5
19 25 20
19 26 19
19 27 9
19 28 15
19 29 18
19 30 21
19 31 16
19 32 10
19 33 3
19 34 17
19 35 13
19 36 6
19 37 13
19 38 2
19 39 17
19 40 18
19 41 5
19 42 3
19 43 14
19 44 12
19 45 14
19 46 21
19 47 5
19 48 17
19 49 3
19 50 8
19 51 6
19 52 1
19 53 14
19 54 10
19 55 16
19 56 18
19 57 9
19 58 13
19 59 19
19 60 20
19 61 12
19 62 7
19 63 17
19 64 15
19 65 21
19 66 20
19 67 16
19 68 1
19 69 10
19 70 7
19 71 19
19 72 15
19 73 1
19 74 11
19 75 9
19 76 3
19 77 12
19 78 1
19 79 21
19 80 10
19 81 3
19 82 9
19 83 8
19 84 21
19 85 13
19 86 8
19 87 19
19 88 11
19 89 7
19 90 1
19 91 9
19 92 21
19 93 8
19 94 6
19 95 11
19 96 8
19 97 21
19 98 20
19 99 4
20 21 2
20 22 1
20 23 8
20 24 17
20 25 6
20 26 12
20 27 20
20 28 6
20 29 19
20 30 20
20 31 3
20 32 4
20 33 13
20 34 21
20 35 18
20 36 5
20 37 5
20 38 19
20 39 7
20 40 21
20 41 11
20 42 5
20 43 15
20 44 17
20 45 3
20 46 1
20 47 11
20 48 13
20 49 17
20 50 15
20 51 17
20 52 7
20 53 11
20 54 18
20 55 2
20 56 6
20 57 15
20 58 4
20 59 5
20 60 15
20 61 11
20 62 17
20 63 3
20 64 18
20 65 15
20 66 7
20 67 19
20 68 14
20 69 14
20 70 10
20 71 3
20 72 20
20 73 4
20 74 21
20 75 13
20 76 20
20 77 19
20 78 3
20 79 16
20 80 7
20 81 21
20 82 3
20 83 16
20 84 6
20 85 9
20 86 10
20 87 1
20 88 1
20 89 14
20 90 14
20 91 20
20 92 19
20 93 20
20 94 20
20 95 18
20 96 2
20 97 2
20 98 16
20 99 14
21 22 17
21 23 13
21 24 17
21 25 18
21 26 12
21 27 16
21 28 20
21 29 1
21 30 10
21 31 15
21 32 17
21 33 21
21 34 12
21 35 9
21 36 11
21 37 11
21 38 20
21 39 9
21 40 12
21 41 12
21 42 6
21 43 9
21 44 3
21 45 1
21 46 11
21 47 16
21 48 16
21 49 16
21 50 14
21 51 21
21 52 21
21 53 18
21 54 9
21 55 14
21 56 12
21 57 18
21 58 7
21 59 2
21 60 1
21 61 13
21 62 18
21 63 20
21 64 9
21 65 17
21 66 13
21 67 13
21 68 21
21 69 14
21 70 16
21 71 14
21 72 4
21 73 20
21 74 7
21 75 13
21 76 11
21 77 12
21 78 15
21 79 17
21 80 7
21 81 9
21 82 21
21 83 6
21 84 11
21 85 19
21 86 18
21 87 8
21 88 21
21 89 17
21 90 5
21 91 12
21 92 16
21 93 20
21 94 17
21 95 2
21 96 4
21 97 20
21 98 6
21 99 20
22 23 14
22 24 19
22 25 19
22 26 20
22 27 3
22 28 14
22 29 15
22 30 12
22 31 20
22 32 20
22 33 2
22 34 2
22 35 9
22 36 19
22 37 1
22 38 18
22 39 9
22 40 11
22 41 4
22 42 10
22 43 11
22 44 18
22 45 10
22 46 13
22 47 17
22 48 3
22 49 4
22 50 4
22 51 13
22 52 2
22 53 17
22 54 11
22 55 8
22 56 17
22 57 8
22 58 15
22 59 10
22 60 15
22 61 7
22 62 2
22 63 18
22 64 7
22 65 8
22 66 1
22 67 3
22 68 5
22 69 3
22 70 13
22 71 12
22 72 11
22 73 6
22 74 15
22 75 19
22 76 14
22 77 5
22 78 8
22 79 1
22 80 17
22 81 5
22 82 13
22 83 21
22 84 20
22 85 4
22 86 16
22 87 13
22 88 17
22 89 7
22 90 19
22 91 8
22 92 6
22 93 14
22 94 4
22 95 19
22 96 16
22 97 19
22 98 17
22 99 16
23 24 4
23 25 11
23 26 20
23 27 20
23 28 4
23 29 7
23 30 21
23 31 12
23 32 7
23 33 6
23 34 4
23 35 15
23 36 6
23 37 18
23 38 2
23 39 20
23 40 11
23 41 16
23 42 7
23 43 9
23 44 12
23 45 1
23 46 10
23 47 12
23 48 15
23 49 4
23 50 9
23 51 3
23 52 13
23 53 11
23 54 15
23 55 3
23 56 8
23 57 5
23 58 14
23 59 1
23 60 17
23 61 21
23 62 11
23 63 14
23 64 8
23 65 10
23 66 10
23 67 14
23 68 19
23 69 13
23 70 20
23 71 11
23 72 14
23 73 7
23 74 12
23 75 1
23 76 2
23 77 21
23 78 7
23 79 17
23 80 17
23 81 6
23 82 12
23 83 21
23 84 9
23 85 18
23 86 9
23 87 20
23 88 7
23 89 15
23 90 21
23 91 1
23 92 21
23 93 1
23 94 2
23 95 18
23 96 10
23 97 5
23 98 13
23 99 6
24 25 10
24 26 11
24 27 16
24 28 11
24 29 21
24 30 17
24 31 14
24 32 5
24 33 8
24 34 20
24 35 2
24 36 7
24 37 14
24 38 10
24 39 5
24 40 1
24 41 14
24 42 2
24 43 1
24 44 12
24 45 6
24 46 20
24 47 1
24 48 4
24 49 1
24 50 5
24 51 17
24 52 8
24 53 3
24 54 5
24 55 5
24 56 6
24 57 19
24 58 2
24 59 16
24 60 21
24 61 20
24 62 10
24 63 15
24 64 15
24 65 14
24 66 20
24 67 12
24 68 1
24 69 9
24 70 2
24 71 21
24 72 18
24 73 15
24 74 10
24 75 12
24 76 16
24 77 11
24 78 20
24 79 18
24 80 21
24 81 6
24 82 3
24 83 1
24 84 6
24 85 17
24 86 19
24 87 21
24 88 9
24 89 2
24 90 8
24 91 6
24 92 5
24 93 21
24 94 6
24 95 17
24 96 21
24 97 17
24 98 4
24 99 1
25 26 17
25 27 19
25 28 2
25 29 19
25 30 21
25 31 16
25 32 21
25 33 3
25 34 6
25 35 13
25 36 15
25 37 12
25 38 7
25 39 7
25 40 10
25 41 7
25 42 13
25 43 12
25 44 19
25 45 14
25 46 18
25 47 19
25 48 18
25 49 3
25 50 9
25 51 3
25 52 18
25 53 21
25 54 5
25 55 6
25 56 13
25 57 15
25 58 17
25 59 4
25 60 11
25 61 15
25 62 3
25 63 13
25 64 20
25 65 14
25 66 1
25 67 17
25 68 1
25 69 11
25 70 2
25 71 11
25 72 3
25 73 9
25 74 18
25 75 7
25 76 2
25 77 2
25 78 7
25 79 13
25 80 21
25 81 18
25 82 10
25 83 13
25 84 10
25 85 9
25 86 2
25 87 17
25 88 1
25 89 1
25 90 19
25 91 18
25 92 1
25 93 21
25 94 15
25 95 4
25 96 5
25 97 12
25 98 4
25 99 16
26 27 13
26 28 16
26 29 17
26 30 18
26 31 1
26 32 13
26 33 17
26 34 19
26 35 4
26 36 18
26 37 5
26 38 10
26 39 20
26 40 21
26 41 5
26 42 16
26 43 6
26 44 15
26 45 10
26 46 12
26 47 19
26 48 4
26 49 14
26 50 21
26 51 16
26 52 17
26 53 3
26 54 20
26 55 16
26 56 17
26 57 3
26 58 9
26 59 6
26 60 16
26 61 19
26 62 21
26 63 14
26 64 12
26 65 14
26 66 8
26 67 15
26 68 7
26 69 17
26 70 15
26 71 13
26 72 3
26 73 13
26 74 11
26 75 6
26 76 3
26 77 9
26 78 19
26 79 6
26 80 21
26 81 18
26 82 3
26 83 1
26 84 10
26 85 6
26 86 15
26 87 9
26 88 8
26 89 8
26 90 9
26 91 19
26 92 15
26 93 1
26 94 21
26 95 20
26 96 10
26 97 15
26 98 14
26 99 12
27 28 7
27 29 9
27 30 2
27 31 7
27 32 13
27 33 2
27 34 5
27 35 9
27 36 18
27 37 21
27 38 21
27 39 1
27 40 11
27 41 17
27 42 10
27 43 7
27 44 20
27 45 21
27 46 14
27 47 12
27 48 16
27 49 5
27 50 9
27 51 20
27 52 1
27 53 21
27 54 13
27 55 1
27 56 7
27 57 1
27 58 7
27 59 5
27 60 16
27 61 3
27 62 20
27 63 10
27 64 1
27 65 18
27 66 2
27 67 1
27 68 9
27 69 7
27 70 19
27 71 2
27 72 6
27 73 6
27 74 5
27 75 17
27 76 15
27 77 3
27 78 1
27 79 3
27 80 17
27 81 20
27 82 17
27 83 2
27 84 8
27 85 20
27 86 8
27 87 15
27 88 18
27 89 5
27 90 11
27 91 4
27 92 13
27 93 15
27 94 11
27 95 3
27 96 2
27 97 18
27 98 20
27 99 1
28 29 11
28 30 20
28 31 3
28 32 19
28 33 8
28 34 16
28 35 5
28 36 5
28 37 13
28 38 9
28 39 2
28 40 3
28 41 11
28 42 3
28 43 2
28 44 19
28 45 15
28 46 14
28 47 12
28 48 6
28 49 12
28 50 16
28 51 9
28 52 5
28 53 13
28 54 1
28 55 12
28 56 19
28 57 19
28 58 14
28 59 20
28 60 15
28 61 10
28 62 8
28 63 10
28 64 15
28 65 3
28 66 2
28 67 15
28 68 3
28 69 7
28 70 20
28 71 9
28 72 7
28 73 20
28 74 4
28 75 9
28 76 21
28 77 17
28 78 5
28 79 10
28 80 13
28 81 3
28 82 9
28 83 15
28 84 9
28 85 19
28 86 1
28 87 6
28 88 8
28 89 19
28 90 19
28 91 6
28 92 3
28 93 2
28 94 7
28 95 16
28 96 19
28 97 12
28 98 6
28 99 12
29 30 2
29 31 3
29 32 14
29 33 16
29 34 1
29 35 19
29 36 12
29 37 1
29 38 16
29 39 4
29 40 17
29 41 10
29 42 13
29 43 16
29 44 18
29 45 16
29 46 3
29 47 18
29 48 6
29 49 17
29 50 20
29 51 12
29 52 6
29 53 4
29 54 12
29 55 1
29 56 8
29 57 2
29 58 6
29 59 11
29 60 20
29 61 8
29 62 6
29 63 1
29 64 17
29 65 5
29 66 21
29 67 21
29 68 16
29 69 9
29 70 2
29 71 19
29 72 4
29 73 20
29 74 16
29 75 13
29 76 2
29 77 7
29 78 16
29 79 9
29 80 15
29 81 7
29 82 9
29 83 3
29 84 6
29 85 9
29 86 17
29 87 20
29 88 5
29 89 18
29 90 9
29 91 6
29 92 15
29 93 8
29 94 20
29 95 7
29 96 5
29 97 6
29 98 2
29 99 20
30 31 21
30 32 19
30 33 9
30 34 5
30 35 1
30 36 11
30 37 3
30 38 20
30 39 14
30 40 20
30 41 5
30 42 1
30 43 16
30 44 21
30 45 9
30 46 2
30 47 7
30 48 7
30 49 19
30 50 19
30 51 15
30 52 13
30 53 12
30 54 2
30 55 15
30 56 18
30 57 10
30 58 14
30 59 17
30 60 13
30 61 21
30 62 16
30 63 12
30 64 11
30 65 18
30 66 16
30 67 12
30 68 16
30 69 4
30 70 7
30 71 10
30 72 17
30 73 5
30 74 21
30 75 4
30 76 7
30 77 20
30 78 14
30 79 1
30 80 16
30 81 12
30 82 17
30 83 13
30 84 16
30 85 13
30 86 17
30 87 1
30 88 1
30 89 2
30 90 18
30 91 3
30 92 9
30 93 12
30 94 1
30 95 20
30 96 8
30 97 16
30 98 6
30 99 12
31 32 5
31 33 7
31 34 4
31 35 14
31 36 6
31 37 14
31 38 18
31 39 11
31 40 20
31 41 15
31 42 21
31 43 6
31 44 5
31 45 14
31 46 19
31 47 11
31 48 15
31 49 19
31 50 5
31 51 21
31 52 5
31 53 21
31 54 20
31 55 21
31 56 9
31 57 9
31 58 2
31 59 2
31 60 11
31 61 12
31 62 20
31 63 21
31 64 21
31 65 12
31 66 14
31 67 7
31 68 6
31 69 8
31 70 8
31 71 7
31 72 20
31 73 19
31 74 21
31 75 1
31 76 16
31 77 2
31 78 5
31 79 21
31 80 4
31 81 19
31 82 13
31 83 14
31 84 16
31 85 11
31 86 10
31 87 7
31 88 3
31 89 13
31 90 20
31 91 18
31 92 14
31 93 10
31 94 8
31 95 9
31 96 21
31 97 13
31 98 20
31 99 13
32 33 9
32 34 13
32 35 17
32 36 1
32 37 7
32 38 17
32 39 13
32 40 14
32 41 18
32 42 3
32 43 15
32 44 21
32 45 4
32 46 21
32 47 9
32 48 10
32 49 18
32 50 1
32 51 11
32 52 9
32 53 7
32 54 2
32 55 2
32 56 17
32 57 7
32 58 6
32 59 6
32 60 17
32 61 3
32 62 8
32 63 10
32 64 16
32 65 8
32 66 12
32 67 20
32 68 3
32 69 12
32 70 6
32 71 10
32 72 6
32 73 3
32 74 17
32 75 4
32 76 12
32 77 11
32 78 20
32 79 14
32 80 6
32 81 4
32 82 2
32 83 4
32 84 5
32 85 13
32 86 9
32 87 16
32 88 9
32 89 4
32 90 16
32 91 14
32 92 8
32 93 10
32 94 11
32 95 7
32 96 16
32 97 10
32 98 6
32 99 18
33 34 19
33 35 21
33 36 11
33 37 12
33 38 5
33 39 18
33 40 15
33 41 13
33 42 4
33 43 12
33 44 16
33 45 8
33 46 6
33 47 3
33 48 11
33 49 2
33 50 4
33 51 13
33 52 14
33 53 20
33 54 8
33 55 2
33 56 5
33 57 19
33 58 2
33 59 16
33 60 19
33 61 21
33 62 12
33 63 20
33 64 19
33 65 8
33 66 17
33 67 9
33 68 15
33 69 14
33 70 4
33 71 15
33 72 15
33 73 16
33 74 19
33 75 16
33 76 1
33 77 2
33 78 10
33 79 20
33 80 13
33 81 10
33 82 16
33 83 15
33 84 12
33 85 17
33 86 3
33 87 17
33 88 3
33 89 4
33 90 9
33 91 11
33 92 3
33 93 7
33 94 7
33 95 5
33 96 19
33 97 7
33 98 11
33 99 6
34 35 5
34 36 16
34 37 12
34 38 20
34 39 5
34 40 13
34 41 7
34 42 18
34 43 7
34 44 8
34 45 4
34 46 7
34 47 19
34 48 18
34 49 21
34 50 14
34 51 8
34 52 2
34 53 20
34 54 11
34 55 11
34 56 20
34 57 16
34 58 11
34 59 6
34 60 21
34 61 14
34 62 6
34 63 18
34 64 21
34 65 9
34 66 7
34 67 5
34 68 3
34 69 17
34 70 10
34 71 4
34 72 12
34 73 6
34 74 4
34 75 9
34 76 20
34 77 9
34 78 14
34 79 21
34 80 13
34 81 19
34 82 15
34 83 20
34 84 5
34 85 19
34 86 20
34 87 14
34 88 14
34 89 3
34 90 15
34 91 6
34 92 18
34 93 11
34 94 19
34 95 5
34 96 16
34 97 12
34 98 20
34 99 9
35 36 18
35 37 16
35 38 16
35 39 2
35 40 12
35 41 3
35 42 10
35 43 14
35 44 9
35 45 19
35 46 6
35 47 19
35 48 17
35 49 13
35 50 20
35 51 7
35 52 17
35 53 7
35 54 14
35 55 9
35 56 21
35 57 10
35 58 15
35 59 11
35 60 21
35 61 8
35 62 6
35 63 12
35 64 4
35 65 7
35 66 16
35 67 4
35 68 8
35 69 13
35 70 1
35 71 11
35 72 12
35 73 3
35 74 14
35 75 20
35 76 5
35 77 6
35 78 20
35 79 5
35 80 2
35 81 6
35 82 1
35 83 20
35 84 1
35 85 21
35 86 3
35 87 16
35 88 12
35 89 12
35 90 20
35 91 16
35 92 13
35 93 19
35 94 20
35 95 18
35 96 9
35 97 9
35 98 3
35 99 1
36 37 9
36 38 8
36 39 14
36 40 2
36 41 3
36 42 9
36 43 13
36 44 10
36 45 3
36 46 6
36 47 20
36 48 6
36 49 7
36 50 1
36 51 4
36 52 19
36 53 9
36 54 11
36 55 12
36 56 20
36 57 2
36 58 20
36 59 1
36 60 15
36 61 4
36 62 7
36 63 12
36 64 14
36 65 12
36 66 17
36 67 20
36 68 17
36 69 5
36 70 12
36 71 21
36 72 15
36 73 1
36 74 2
36 75 9
36 76 14
36 77 7
36 78 12
36 79 8
36 80 20
36 81 13
36 82 20
36 83 14
36 84 19
36 85 1
36 86 15
36 87 16
36 88 16
36 89 6
36 90 2
36 91 11
36 92 2
36 93 12
36 94 2
36 95 19
36 96 12
36 97 14
36 98 15
36 99 20
37 38 6
37 39 1
37 40 10
37 41 15
37 42 1
37 43 21
37 44 21
37 45 21
37 46 6
37 47 10
37 48 7
37 49 8
37 50 15
37 51 8
37 52 11
37 53 14
37 54 5
37 55 19
37 56 6
37 57 21
37 58 2
37 59 5
37 60 10
37 61 1
37 62 3
37 63 3
37 64 12
37 65 5
37 66 16
37 67 12
37 68 18
37 69 15
37 70 10
37 71 13
37 72 13
37 73 11
37 74 15
37 75 17
37 76 13
37 77 10
37 78 15
37 79 6
37 80 10
37 81 13
37 82 17
37 83 5
37 84 17
37 85 17
37 86 13
37 87 19
37 88 13
37 89 1
37 90 7
37 91 17
37 92 2
37 93 19
37 94 14
37 95 1
37 96 12
37 97 4
37 98 21
37 99 5
38 39 18
38 40 15
38 41 17
38 42 16
38 43 14
38 44 17
38 45 9
38 46 16
38 47 7
38 48 16
38 49 14
38 50 7
38 51 12
38 52 4
38 53 14
38 54 19
38 55 5
38 56 21
38 57 12
38 58 5
38 59 11
38 60 19
38 61 12
38 62 17
38 63 4
38 64 18
38 65 15
38 66 13
38 67 5
38 68 16
38 69 4
38 70 10
38 71 7
38 72 11
38 73 18
38 74 1
38 75 14
38 76 14
38 77 21
38 78 4
38 79 8
38 80 13
38 81 10
38 82 10
38 83 3
38 84 5
38 85 2
38 86 1
38 87 13
38 88 13
38 89 21
38 90 3
38 91 9
38 92 2
38 93 5
38 94 16
38 95 16
38 96 2
38 97 14
38 98 19
38 99 6
39 40 13
39 41 6
39 42 14
39 43 19
39 44 12
39 45 15
39 46 2
39 47 21
39 48 10
39 49 20
39 50 6
39 51 11
39 52 15
39 53 9
39 54 18
39 55 1
39 56 13
39 57 2
39 58 11
39 59 16
39 60 17
39 61 10
39 62 10
39 63 17
39 64 18
39 65 7
39 66 21
39 67 20
39 68 7
39 69 6
39 70 16
39 71 17
39 72 16
39 73 16
39 74 9
39 75 12
39 76 19
39 77 5
39 78 8
39 79 5
39 80 19
39 81 12
39 82 11
39 83 3
39 84 16
39 85 16
39 86 8
39 87 4
39 88 12
39 89 3
39 90 9
39 91 5
39 92 14
39 93 4
39 94 13
39 95 21
39 96 2
39 97 18
39 98 15
39 99 3
40 41 2
40 42 11
40 43 17
40 44 1
40 45 4
40 46 5
40 47 14
40 48 17
40 49 6
40 50 2
40 51 1
40 52 16
40 53 4
40 54 4
40 55 13
40 56 16
40 57 11
40 58 9
40 59 3
40 60 18
40 61 9
40 62 11
40 63 13
40 64 15
40 65 16
40 66 19
40 67 4
40 68 20
40 69 8
40 70 8
40 71 13
40 72 18
40 73 4
40 74 15
40 75 12
40 76 18
40 77 8
40 78 18
40 79 6
40 80 2
40 81 8
40 82 8
40 83 2
40 84 6
40 85 7
40 86 1
40 87 21
40 88 19
40 89 15
40 90 13
40 91 20
40 92 15
40 93 6
40 94 19
40 95 8
40 96 3
40 97 3
40 98 17
40 99 7
41 42 21
41 43 15
41 44 13
41 45 10
41 46 8
41 47 10
41 48 16
41 49 12
41 50 18
41 51 18
41 52 9
41 53 8
41 54 6
41 55 20
41 56 8
41 57 4
41 58 7
41 59 17
41 60 4
41 61 1
41 62 2
41 63 14
41 64 3
41 65 6
41 66 3
41 67 20
41 68 20
41 69 3
41 70 5
41 71 16
41 72 18
41 73 15
41 74 5
41 75 21
41 76 15
41 77 12
41 78 5
41 79 16
41 80 20
41 81 7
41 82 1
41 83 9
41 84 6
41 85 11
41 86 14
41 87 16
41 88 16
41 89 11
41 90 8
41 91 16
41 92 13
41 93 2
41 94 16
41 95 7
41 96 4
41 97 13
41 98 6
41 99 11
42 43 17
42 44 15
42 45 10
42 46 14
42 47 19
42 48 17
42 49 16
42 50 4
42 51 12
42 52 1
42 53 2
42 54 11
42 55 3
42 56 11
42 57 3
42 58 20
42 59 7
42 60 10
42 61 3
42 62 19
42 63 10
42 64 12
42 65 7
42 66 5
42 67 10
42 68 3
42 69 9
42 70 21
42 71 11
42 72 4
42 73 6
42 74 6
42 75 2
42 76 1
42 77 14
42 78 11
42 79 4
42 80 9
42 81 9
42 82 14
42 83 9
42 84 5
42 85 8
42 86 7
42 87 3
42 88 2
42 89 14
42 90 5
42 91 10
42 92 1
42 93 16
42 94 10
42 95 18
42 96 14
42 97 9
42 98 10
42 99 12
43 44 1
43 45 6
43 46 10
43 47 18
43 48 1
43 49 15
43 50 1
43 51 21
43 52 15
43 53 21
43 54 8
43 55 3
43 56 12
43 57 10
43 58 20
43 59 13
43 60 21
43 61 10
43 62 21
43 63 10
43 64 6
43 65 20
43 66 3
43 67 5
43 68 3
43 69 19
43 70 15
43 71 1
43 72 7
43 73 10
43 74 5
43 75 8
43 76 6
43 77 2
43 78 12
43 79 5
43 80 13
43 81 2
43 82 7
43 83 1
43 84 8
43 85 17
43 86 19
43 87 21
43 88 13
43 89 11
43 90 4
43 91 7
43 92 5
43 93 20
43 94 4
43 95 19
43 96 4
43 97 15
43 98 12
43 99 20
44 45 8
44 46 15
44 47 12
44 48 12
44 49 19
44 50 7
44 51 8
44 52 1
44 53 16
44 54 8
44 55 9
44 56 2
44 57 8
44 58 19
44 59 6
44 60 13
44 61 6
44 62 6
44 63 18
44 64 21
44 65 13
44 66 3
44 67 6
44 68 20
44 69 13
44 70 20
44 71 6
44 72 3
44 73 7
44 74 1
44 75 15
44 76 4
44 77 18
44 78 15
44 79 13
44 80 6
44 81 10
44 82 19
44 83 1
44 84 17
44 85 8
44 86 1
44 87 9
44 88 6
44 89 14
44 90 14
44 91 13
44 92 5
44 93 13
44 94 6
44 95 13
44 96 2
44 97 5
44 98 5
44 99 5
45 46 20
45 47 13
45 48 1
45 49 14
45 50 1
45 51 21
45 52 8
45 53 17
45 54 7
45 55 8
45 56 9
45 57 14
45 58 14
45 59 15
45 60 1
45 61 9
45 62 6
45 63 17
45 64 14
45 65 5
45 66 12
45 67 18
45 68 5
45 69 9
45 70 18
45 71 5
45 72 3
45 73 6
45 74 2
45 75 17
45 76 16
45 77 9
45 78 19
45 79 9
45 80 19
45 81 17
45 82 11
45 83 16
45 84 2
45 85 9
45 86 3
45 87 13
45 88 3
45 89 18
45 90 8
45 91 20
45 92 19
45 93 16
45 94 11
45 95 21
45 96 19
45 97 10
45 98 16
45 99 17
46 47 8
46 48 14
46 49 19
46 50 5
46 51 7
46 52 5
46 53 11
46 54 21
46 55 5
46 56 20
46 57 3
46 58 14
46 59 4
46 60 1
46 61 19
46 62 9
46 63 10
46 64 8
46 65 5
46 66 3
46 67 19
46 68 8
46 69 21
46 70 11
46 71 16
46 72 12
46 73 15
46 74 20
46 75 4
46 76 3
46 77 17
46 78 14
46 79 1
46 80 13
46 81 9
46 82 19
46 83 15
46 84 19
46 85 10
46 86 15
46 87 19
46 88 9
46 89 8
46 90 2
46 91 2
46 92 13
46 93 17
46 94 21
46 95 17
46 96 2
46 97 20
46 98 18
46 99 8
47 48 2
47 49 7
47 50 1
47 51 20
47 52 14
47 53 21
47 54 10
47 55 7
47 56 15
47 57 5
47 58 4
47 59 8
47 60 2
47 61 6
47 62 3
47 63 11
47 64 16
47 65 16
47 66 11
47 67 1
47 68 19
47 69 8
47 70 15
47 71 6
47 72 2
47 73 6
47 74 6
47 75 6
47 76 8
47 77 13
47 78 21
47 79 8
47 80 3
47 81 6
47 82 6
47 83 16
47 84 1
47 85 16
47 86 10
47 87 1
47 88 8
47 89 12
47 90 9
47 91 16
47 92 10
47 93 5
47 94 4
47 95 16
47 96 13
47 97 17
47 98 18
47 99 11
48 49 18
48 50 3
48 51 15
48 52 20
48 53 10
48 54 8
48 55 15
48 56 6
48 57 19
48 58 16
48 59 16
48 60 7
48 61 3
48 62 21
48 63 1
48 64 8
48 65 19
48 66 8
48 67 17
48 68 20
48 69 20
48 70 3
48 71 20
48 72 2
48 73 21
48 74 2
48 75 8
48 76 9
48 77 16
48 78 5
48 79 10
48 80 2
48 81 6
48 82 18
48 83 10
48 84 9
48 85 14
48 86 2
48 87 4
48 88 14
48 89 12
48 90 6
48 91 20
48 92 17
48 93 5
48 94 4
48 95 5
48 96 12
48 97 10
48 98 9
48 99 12
49 50 5
49 51 10
49 52 11
49 53 13
49 54 13
49 55 21
49 56 1
49 57 18
49 58 19
49 59 18
49 60 17
49 61 4
49 62 5
49 63 14
49 64 7
49 65 21
49 66 19
49 67 8
49 68 3
49 69 3
49 70 6
49 71 15
49 72 16
49 73 1
49 74 15
49 75 21
49 76 7
49 77 4
49 78 19
49 79 6
49 80 15
49 81 19
49 82 20
49 83 21
49 84 2
49 85 12
49 86 21
49 87 7
49 88 13
49 89 17
49 90 12
49 91 6
49 92 10
49 93 18
49 94 16
49 95 16
49 96 7
49 97 13
49 98 2
49 99 19
50 51 4
50 52 16
50 53 21
50 54 20
50 55 21
50 56 8
50 57 2
50 58 21
50 59 15
50 60 2
50 61 11
50 62 9
50 63 15
50 64 8
50 65 3
50 66 4
50 67 18
50 68 4
50 69 15
50 70 2
50 71 1
50 72 19
50 73 2
50 74 20
50 75 5
50 76 14
50 77 14
50 78 13
50 79 8
50 80 10
50 81 2
50 82 3
50 83 16
50 84 21
50 85 9
50 86 5
50 87 3
50 88 17
50 89 6
50 90 11
50 91 3
50 92 9
50 93 11
50 94 8
50 95 17
50 96 14
50 97 11
50 98 12
50 99 4
51 52 3
51 53 2
51 54 18
51 55 14
51 56 11
51 57 12
51 58 5
51 59 18
51 60 5
51 61 9
51 62 15
51 63 9
51 64 1
51 65 13
51 66 5
51 67 10
51 68 2
51 69 20
51 70 8
51 71 20
51 72 20
51 73 13
51 74 16
51 75 10
51 76 11
51 77 17
51 78 18
51 79 10
51 80 19
51 81 4
51 82 3
51 83 7
51 84 20
51 85 16
51 86 1
51 87 6
51 88 11
51 89 13
51 90 8
51 91 8
51 92 9
51 93 3
51 94 4
51 95 12
51 96 8
51 97 3
51 98 9
51 99 12
52 53 6
52 54 12
52 55 4
52 56 3
52 57 5
52 58 7
52 59 9
52 60 2
52 61 17
52 62 18
52 63 15
52 64 11
52 65 4
52 66 8
52 67 17
52 68 13
52 69 17
52 70 11
52 71 13
52 72 7
52 73 9
52 74 21
52 75 5
52 76 19
52 77 9
52 78 13
52 79 18
52 80 18
52 81 5
52 82 5
52 83 10
52 84 18
52 85 2
52 86 9
52 87 9
52 88 17
52 89 7
52 90 18
52 91 7
52 92 4
52 93 14
52 94 15
52 95 1
52 96 18
52 97 5
52 98 14
52 99 17
53 54 20
53 55 4
53 56 14
53 57 4
53 58 9
53 59 13
53 60 13
53 61 9
53 62 6
53 63 16
53 64 5
53 65 5
53 66 11
53 67 15
53 68 5
53 69 21
53 70 16
53 71 3
53 72 14
53 73 2
53 74 19
53 75 21
53 76 3
53 77 3
53 78 14
53 79 9
53 80 13
53 81 1
53 82 12
53 83 14
53 84 1
53 85 3
53 86 12
53 87 2
53 88 10
53 89 12
53 90 12
53 91 12
53 92 14
53 93 6
53 94 20
53 95 19
53 96 1
53 97 21
53 98 12
53 99 8
54 55 2
54 56 18
54 57 4
54 58 19
54 59 16
54 60 14
54 61 2
54 62 6
54 63 11
54 64 2
54 65 16
54 66 16
54 67 8
54 68 10
54 69 3
54 70 20
54 71 16
54 72 16
54 73 20
54 74 9
54 75 18
54 76 2
54 77 2
54 78 15
54 79 19
54 80 19
54 81 15
54 82 6
54 83 12
54 84 16
54 85 17
54 86 6
54 87 17
54 88 5
54 89 11
54 90 17
54 91 3
54 92 8
54 93 13
54 94 5
54 95 20
54 96 15
54 97 12
54 98 8
54 99 15
55 56 21
55 57 19
55 58 9
55 59 20
55 60 21
55 61 19
55 62 2
55 63 19
55 64 17
55 65 11
55 66 9
55 67 13
55 68 15
55 69 4
55 70 17
55 71 16
55 72 9
55 73 12
55 74 19
55 75 11
55 76 15
55 77 15
55 78 15
55 79 6
55 80 2
55 81 18
55 82 9
55 83 11
55 84 7
55 85 20
55 86 6
55 87 11
55 88 5
55 89 11
55 90 21
55 91 7
55 92 3
55 93 5
55 94 19
55 95 14
55 96 9
55 97 11
55 98 16
55 99 20
56 57 21
56 58 19
56 59 10
56 60 3
56 61 1
56 62 21
56 63 1
56 64 13
56 65 12
56 66 5
56 67 2
56 68 21
56 69 8
56 70 10
56 71 14
56 72 20
56 73 5
56 74 21
56 75 13
56 76 19
56 77 13
56 78 9
56 79 21
56 80 11
56 81 10
56 82 2
56 83 11
56 84 7
56 85 7
56 86 12
56 87 18
56 88 12
56 89 7
56 90 8
56 91 15
56 92 1
56 93 19
56 94 5
56 95 15
56 96 7
56 97 16
56 98 20
56 99 15
57 58 14
57 59 17
57 60 4
57 61 18
57 62 10
57 63 5
57 64 20
57 65 17
57 66 20
57 67 10
57 68 10
57 69 3
57 70 21
57 71 4
57 72 2
57 73 1
57 74 1
57 75 15
57 76 11
57 77 20
57 78 6
57 79 7
57 80 15
57 81 14
57 82 11
57 83 4
57 84 8
57 85 13
57 86 14
57 87 9
57 88 1
57 89 15
57 90 10
57 91 14
57 92 8
57 93 18
57 94 20
57 95 17
57 96 2
57 97 6
57 98 16
57 99 5
58 59 1
58 60 11
58 61 21
58 62 9
58 63 7
58 64 14
58 65 3
58 66 12
58 67 17
58 68 8
58 69 21
58 70 19
58 71 21
58 72 6
58 73 1
58 74 16
58 75 19
58 76 19
58 77 2
58 78 18
58 79 4
58 80 1
58 81 17
58 82 10
58 83 4
58 84 2
58 85 13
58 86 18
58 87 13
58 88 3
58 89 7
58 90 5
58 91 6
58 92 6
58 93 19
58 94 8
58 95 3
58 96 5
58 97 4
58 98 15
58 99 5
59 60 20
59 61 6
59 62 9
59 63 13
59 64 13
59 65 14
59 66 6
59 67 10
59 68 18
59 69 16
59 70 17
59 71 16
59 72 11
59 73 16
59 74 1
59 75 2
59 76 2
59 77 18
59 78 4
59 79 11
59 80 9
59 81 16
59 82 5
59 83 18
59 84 9
59 85 2
59 86 19
59 87 17
59 88 11
59 89 11
59 90 18
59 91 12
59 92 1
59 93 20
59 94 21
59 95 16
59 96 16
59 97 8
59 98 4
59 99 11
60 61 1
60 62 1
60 63 16
60 64 6
60 65 5
60 66 10
60 67 8
60 68 16
60 69 14
60 70 6
60 71 10
60 72 15
60 73 4
60 74 9
60 75 13
60 76 10
60 77 21
60 78 12
60 79 19
60 80 12
60 81 12
60 82 4
60 83 19
60 84 17
60 85 16
60 86 11
60 87 2
60 88 6
60 89 2
60 90 13
60 91 11
60 92 6
60 93 1
60 94 7
60 95 2
60 96 12
60 97 16
60 98 14
60 99 14
61 62 5
61 63 19
61 64 17
61 65 3
61 66 18
61 67 21
61 68 2
61 69 5
61 70 1
61 71 4
61 72 13
61 73 20
61 74 8
61 75 15
61 76 17
61 77 11
61 78 14
61 79 15
61 80 15
61 81 6
61 82 4
61 83 21
61 84 16
61 85 10
61 86 2
61 87 20
61 88 11
61 89 9
61 90 15
61 91 2
61 92 15
61 93 8
61 94 3
61 95 16
61 96 9
61 97 18
61 98 1
61 99 9
62 63 7
62 64 15
62 65 14
62 66 9
62 67 8
62 68 6
62 69 1
62 70 8
62 71 14
62 72 21
62 73 2
62 74 3
62 75 9
62 76 6
62 77 3
62 78 16
62 79 10
62 80 14
62 81 6
62 82 15
62 83 11
62 84 2
62 85 13
62 86 16
62 87 4
62 88 6
62 89 17
62 90 13
62 91 1
62 92 3
62 93 19
62 94 13
62 95 17
62 96 6
62 97 13
62 98 12
62 99 8
63 64 18
63 65 11
63 66 4
63 67 3
63 68 7
63 69 7
63 70 18
63 71 11
63 72 1
63 73 14
63 74 4
63 75 5
63 76 21
63 77 21
63 78 16
63 79 5
63 80 17
63 81 4
63 82 4
63 83 10
63 84 20
63 85 20
63 86 13
63 87 19
63 88 5
63 89 17
63 90 3
63 91 18
63 92 15
63 93 4
63 94 4
63 95 14
63 96 3
63 97 10
63 98 10
63 99 17
64 65 11
64 66 16
64 67 19
64 68 6
64 69 5
64 70 1
64 71 9
64 72 15
64 73 4
64 74 3
64 75 5
64 76 20
64 77 18
64 78 19
64 79 2
64 80 12
64 81 18
64 82 13
64 83 3
64 84 8
64 85 16
64 86 2
64 87 17
64 88 3
64 89 1
64 90 4
64 91 7
64 92 19
64 93 18
64 94 9
64 95 5
64 96 6
64 97 7
64 98 4
64 99 13
65 66 7
65 67 11
65 68 9
65 69 13
65 70 12
65 71 18
65 72 12
65 73 21
65 74 17
65 75 12
65 76 15
65 77 14
65 78 18
65 79 11
65 80 2
65 81 9
65 82 15
65 83 1
65 84 4
65 85 2
65 86 5
65 87 19
65 88 3
65 89 16
65 90 16
65 91 3
65 92 10
65 93 16
65 94 6
65 95 4
65 96 10
65 97 20
65 98 15
65 99 2
66 67 6
66 68 5
66 69 18
66 70 20
66 71 15
66 72 15
66 73 4
66 74 16
66 75 8
66 76 6
66 77 12
66 78 17
66 79 13
66 80 18
66 81 2
66 82 19
66 83 16
66 84 5
66 85 19
66 86 6
66 87 10
66 88 14
66 89 3
66 90 3
66 91 6
66 92 5
66 93 14
66 94 2
66 95 17
66 96 17
66 97 11
66 98 2
66 99 9
67 68 14
67 69 7
67 70 2
67 71 16
67 72 10
67 73 5
67 74 15
67 75 1
67 76 14
67 77 21
67 78 5
67 79 5
67 80 5
67 81 3
67 82 4
67 83 15
67 84 19
67 85 16
67 86 17
67 87 19
67 88 2
67 89 4
67 90 8
67 91 19
67 92 16
67 93 11
67 94 12
67 95 12
67 96 4
67 97 2
67 98 9
67 99 13
68 69 1
68 70 20
68 71 15
68 72 7
68 73 10
68 74 19
68 75 4
68 76 2
68 77 20
68 78 19
68 79 21
68 80 17
68 81 18
68 82 11
68 83 7
68 84 8
68 85 5
68 86 21
68 87 5
68 88 19
68 89 1
68 90 9
68 91 11
68 92 12
68 93 14
68 94 8
68 95 2
68 96 13
68 97 11
68 98 14
68 99 15
69 70 5
69 71 14
69 72 15
69 73 16
69 74 12
69 75 21
69 76 21
69 77 4
69 78 6
69 79 17
69 80 8
69 81 15
69 82 8
69 83 1
69 84 3
69 85 9
69 86 21
69 87 1
69 88 8
69 89 3
69 90 10
69 91 13
69 92 4
69 93 18
69 94 1
69 95 15
69 96 18
69 97 20
69 98 13
69 99 18
70 71 21
70 72 9
70 73 21
70 74 10
70 75 2
70 76 5
70 77 17
70 78 1
70 79 18
70 80 13
70 81 19
70 82 17
70 83 1
70 84 3
70 85 13
70 86 6
70 87 16
70 88 8
70 89 7
70 90 14
70 91 17
70 92 21
70 93 6
70 94 10
70 95 16
70 96 2
70 97 11
70 98 21
70 99 12
71 72 15
71 73 1
71 74 21
71 75 7
71 76 20
71 77 5
71 78 12
71 79 21
71 80 5
71 81 8
71 82 17
71 83 11
71 84 7
71 85 8
71 86 16
71 87 1
71 88 9
71 89 5
71 90 19
71 91 12
71 92 8
71 93 17
71 94 2
71 95 12
71 96 15
71 97 6
71 98 20
71 99 4
72 73 4
72 74 4
72 75 9
72 76 5
72 77 13
72 78 9
72 79 9
72 80 16
72 81 7
72 82 18
72 83 9
72 84 3
72 85 3
72 86 4
72 87 9
72 88 17
72 89 20
72 90 11
72 91 6
72 92 10
72 93 20
72 94 20
72 95 17
72 96 5
72 97 11
72 98 14
72 99 4
73 74 12
73 75 10
73 76 10
73 77 18
73 78 1
73 79 5
73 80 20
73 81 8
73 82 5
73 83 12
73 84 17
73 85 13
73 86 5
73 87 9
73 88 19
73 89 9
73 90 12
73 91 5
73 92 19
73 93 14
73 94 16
73 95 17
73 96 3
73 97 12
73 98 14
73 99 1
74 75 14
74 76 18
74 77 17
74 78 15
74 79 1
74 80 17
74 81 20
74 82 11
74 83 21
74 84 20
74 85 13
74 86 4
74 87 20
74 88 6
74 89 2
74 90 12
74 91 16
74 92 20
74 93 16
74 94 21
74 95 18
74 96 9
74 97 19
74 98 8
74 99 13
75 76 10
75 77 4
75 78 2
75 79 6
75 80 1
75 81 13
75 82 7
75 83 6
75 84 13
75 85 10
75 86 4
75 87 19
75 88 15
75 89 16
75 90 17
75 91 17
75 92 5
75 93 5
75 94 3
75 95 14
75 96 20
75 97 20
75 98 3
75 99 13
76 77 20
76 78 6
76 79 10
76 80 7
76 81 15
76 82 17
76 83 12
76 84 20
76 85 16
76 86 17
76 87 11
76 88 12
76 89 5
76 90 17
76 91 10
76 92 1
76 93 19
76 94 16
76 95 1
76 96 17
76 97 12
76 98 16
76 99 4
77 78 8
77 79 4
77 80 18
77 81 16
77 82 11
77 83 21
77 84 1
77 85 21
77 86 3
77 87 3
77 88 12
77 89 8
77 90 16
77 91 10
77 92 14
77 93 19
77 94 2
77 95 3
77 96 17
77 97 21
77 98 15
77 99 20
78 79 10
78 80 7
78 81 4
78 82 17
78 83 21
78 84 8
78 85 6
78 86 20
78 87 12
78 88 4
78 89 5
78 90 10
78 91 1
78 92 10
78 93 19
78 94 4
78 95 1
78 96 8
78 97 18
78 98 2
78 99 15
79 80 16
79 81 15
79 82 1
79 83 16
79 84 11
79 85 1
79 86 19
79 87 3
79 88 12
79 89 16
79 90 21
79 91 18
79 92 20
79 93 11
79 94 14
79 95 8
79 96 5
79 97 20
79 98 14
79 99 7
80 81 6
80 82 1
80 83 2
80 84 11
80 85 15
80 86 12
80 87 19
80 88 4
80 89 12
80 90 21
80 91 15
80 92 5
80 93 19
80 94 3
80 95 1
80 96 2
80 97 2
80 98 1
80 99 13
81 82 14
81 83 11
81 84 18
81 85 2
81 86 18
81 87 6
81 88 10
81 89 16
81 90 21
81 91 20
81 92 21
81 93 7
81 94 8
81 95 5
81 96 1
81 97 7
81 98 16
81 99 10
82 83 3
82 84 4
82 85 6
82 86 7
82 87 14
82 88 3
82 89 1
82 90 4
82 91 15
82 92 10
82 93 15
82 94 18
82 95 17
82 96 8
82 97 2
82 98 10
82 99 21
83 84 15
83 85 2
83 86 7
83 87 4
83 88 13
83 89 19
83 90 15
83 91 18
83 92 12
83 93 2
83 94 21
83 95 9
83 96 7
83 97 2
83 98 19
83 99 13
84 85 17
84 86 10
84 87 20
84 88 12
84 89 10
84 90 1
84 91 18
84 92 4
84 93 10
84 94 11
84 95 4
84 96 6
84 97 11
84 98 19
84 99 4
85 86 1
85 87 10
85 88 15
85 89 16
85 90 9
85 91 14
85 92 6
85 93 12
85 94 14
85 95 14
85 96 4
85 97 20
85 98 3
85 99 12
86 87 11
86 88 10
86 89 20
86 90 2
86 91 17
86 92 8
86 93 8
86 94 21
86 95 5
86 96 8
86 97 17
86 98 9
86 99 4
87 88 19
87 89 4
87 90 17
87 91 6
87 92 8
87 93 17
87 94 19
87 95 9
87 96 20
87 97 3
87 98 6
87 99 20
88 89 15
88 90 12
88 91 12
88 92 2
88 93 16
88 94 20
88 95 8
88 96 5
88 97 12
88 98 14
88 99 8
89 90 12
89 91 21
89 92 5
89 93 15
89 94 8
89 95 15
89 96 17
89 97 11
89 98 16
89 99 11
90 91 11
90 92 2
90 93 12
90 94 6
90 95 10
90 96 5
90 97 3
90 98 12
90 99 8
91 92 4
91 93 11
91 94 17
91 95 19
91 96 2
91 97 14
91 98 13
91 99 13
92 93 8
92 94 18
92 95 14
92 96 8
92 97 14
92 98 9
92 99 5
93 94 15
93 95 2
93 96 10
93 97 7
93 98 18
93 99 19
94 95 1
94 96 10
94 97 19
94 98 12
94 99 15
95 96 16
95 97 17
95 98 7
95 99 20
96 97 20
96 98 4
96 99 17
97 98 4
97 99 8
98 99 1
