30
5 1 7 13 19 25
5 0 4 8 12 16 
0
0 1 8
0 2 7
0 3 1
0 4 3
0 5 9
0 6 2
0 7 3
0 8 1
0 9 2
0 10 5
0 11 5
0 12 3
0 13 1
0 14 2
0 15 4
0 16 2
0 17 7
0 18 10
0 19 9
0 20 1
0 21 9
0 22 9
0 23 7
0 24 7
0 25 8
0 26 3
0 27 10
0 28 7
0 29 2
1 2 11
1 3 7
1 4 11
1 5 3
1 6 7
1 7 11
1 8 4
1 9 11
1 10 9
1 11 8
1 12 8
1 13 11
1 14 7
1 15 2
1 16 8
1 17 10
1 18 4
1 19 2
1 20 10
1 21 1
1 22 8
1 23 10
1 24 6
1 25 1
1 26 4
1 27 1
1 28 9
1 29 4
2 3 7
2 4 4
2 5 8
2 6 5
2 7 9
2 8 11
2 9 6
2 10 5
2 11 4
2 12 11
2 13 3
2 14 9
2 15 2
2 16 2
2 17 9
2 18 6
2 19 6
2 20 4
2 21 4
2 22 10
2 23 8
2 24 1
2 25 3
2 26 6
2 27 2
2 28 7
2 29 8
3 4 8
3 5 11
3 6 5
3 7 1
3 8 3
3 9 5
3 10 5
3 11 6
3 12 4
3 13 10
3 14 8
3 15 6
3 16 5
3 17 5
3 18 1
3 19 8
3 20 7
3 21 5
3 22 3
3 23 3
3 24 2
3 25 10
3 26 7
3 27 10
3 28 6
3 29 7
4 5 6
4 6 11
4 7 9
4 8 6
4 9 9
4 10 4
4 11 1
4 12 1
4 13 5
4 14 2
4 15 7
4 16 9
4 17 9
4 18 2
4 19 10
4 20 4
4 21 6
4 22 7
4 23 9
4 24 6
4 25 11
4 26 4
4 27 11
4 28 3
4 29 7
5 6 7
5 7 11
5 8 2
5 9 4
5 10 5
5 11 7
5 12 11
5 13 7
5 14 1
5 15 8
5 16 11
5 17 1
5 18 1
5 19 2
5 20 8
5 21 9
5 22 6
5 23 8
5 24 10
5 25 7
5 26 11
5 27 10
5 28 11
5 29 7
6 7 1
6 8 7
6 9 4
6 10 2
6 11 8
6 12 1
6 13 11
6 14 3
6 15 11
6 16 2
6 17 3
6 18 11
6 19 2
6 20 7
6 21 3
6 22 6
6 23 8
6 24 1
6 25 11
6 26 7
6 27 5
6 28 5
6 29 5
7 8 7
7 9 5
7 10 8
7 11 10
7 12 3
7 13 10
7 14 6
7 15 1
7 16 10
7 17 3
7 18 4
7 19 9
7 20 6
7 21 2
7 22 5
7 23 4
7 24 4
7 25 3
7 26 11
7 27 6
7 28 3
7 29 1
8 9 5
8 10 8
8 11 6
8 12 9
8 13 8
8 14 9
8 15 6
8 16 7
8 17 8
8 18 4
8 19 3
8 20 10
8 21 8
8 22 1
8 23 2
8 24 11
8 25 3
8 26 7
8 27 3
8 28 1
8 29 2
9 10 11
9 11 1
9 12 11
9 13 6
9 14 9
9 15 4
9 16 3
9 17 6
9 18 4
9 19 11
9 20 9
9 21 5
9 22 1
9 23 2
9 24 2
9 25 5
9 26 1
9 27 3
9 28 10
9 29 4
10 11 3
10 12 1
10 13 11
10 14 10
10 15 11
10 16 3
10 17 7
10 18 3
10 19 1
10 20 11
10 21 8
10 22 4
10 23 9
10 24 5
10 25 2
10 26 5
10 27 6
10 28 9
10 29 7
11 12 10
11 13 2
11 14 4
11 15 2
11 16 4
11 17 6
11 18 4
11 19 11
11 20 8
11 21 4
11 22 6
11 23 2
11 24 1
11 25 5
11 26 10
11 27 5
11 28 3
11 29 11
12 13 4
12 14 10
12 15 10
12 16 6
12 17 4
12 18 9
12 19 1
12 20 5
12 21 9
12 22 7
12 23 6
12 24 11
12 25 8
12 26 8
12 27 1
12 28 6
12 29 7
13 14 7
13 15 6
13 16 11
13 17 1
13 18 4
13 19 5
13 20 3
13 21 3
13 22 2
13 23 2
13 24 10
13 25 9
13 26 2
13 27 9
13 28 7
13 29 8
14 15 7
14 16 5
14 17 9
14 18 2
14 19 10
14 20 5
14 21 3
14 22 2
14 23 2
14 24 3
14 25 6
14 26 10
14 27 11
14 28 2
14 29 1
15 16 5
15 17 4
15 18 7
15 19 11
15 20 5
15 21 11
15 22 2
15 23 9
15 24 6
15 25 7
15 26 5
15 27 1
15 28 8
15 29 2
16 17 9
16 18 9
16 19 9
16 20 6
16 21 3
16 22 11
16 23 2
16 24 5
16 25 8
16 26 5
16 27 3
16 28 5
16 29 5
17 18 11
17 19 8
17 20 6
17 21 3
17 22 7
17 23 5
17 24 8
17 25 11
17 26 9
17 27 11
17 28 4
17 29 6
18 19 8
18 20 6
18 21 2
18 22 2
18 23 2
18 24 2
18 25 3
18 26 10
18 27 3
18 28 2
18 29 4
19 20 5
19 21 3
19 22 4
19 23 11
19 24 11
19 25 6
19 26 6
19 27 7
19 28 9
19 29 7
20 21 8
20 22 5
20 23 2
20 24 10
20 25 10
20 26 8
20 27 2
20 28 10
20 29 6
21 22 3
21 23 3
21 24 10
21 25 2
21 26 11
21 27 9
21 28 8
21 29 9
22 23 4
22 24 4
22 25 8
22 26 8
22 27 5
22 28 2
22 29 9
23 24 2
23 25 2
23 26 2
23 27 11
23 28 2
23 29 2
24 25 11
24 26 7
24 27 8
24 28 5
24 29 9
25 26 10
25 27 8
25 28 1
25 29 5
26 27 7
26 28 9
26 29 7
27 28 7
27 29 6
28 29 9
