50
5 1 7 13 19 25
5 0 4 8 12 16 
0
0 1 18
0 2 6
0 3 7
0 4 18
0 5 5
0 6 5
0 7 4
0 8 21
0 9 18
0 10 16
0 11 10
0 12 3
0 13 20
0 14 18
0 15 17
0 16 8
0 17 6
0 18 14
0 19 13
0 20 14
0 21 4
0 22 17
0 23 7
0 24 12
0 25 4
0 26 2
0 27 21
0 28 14
0 29 15
0 30 20
0 31 1
0 32 13
0 33 2
0 34 15
0 35 10
0 36 19
0 37 15
0 38 1
0 39 1
0 40 18
0 41 16
0 42 6
0 43 9
0 44 9
0 45 13
0 46 20
0 47 9
0 48 5
0 49 10
1 2 4
1 3 11
1 4 21
1 5 5
1 6 6
1 7 15
1 8 18
1 9 1
1 10 12
1 11 5
1 12 13
1 13 5
1 14 2
1 15 5
1 16 4
1 17 13
1 18 12
1 19 21
1 20 18
1 21 17
1 22 20
1 23 18
1 24 11
1 25 9
1 26 19
1 27 7
1 28 7
1 29 1
1 30 4
1 31 8
1 32 16
1 33 13
1 34 6
1 35 9
1 36 18
1 37 18
1 38 11
1 39 17
1 40 10
1 41 13
1 42 14
1 43 4
1 44 15
1 45 19
1 46 14
1 47 19
1 48 14
1 49 14
2 3 10
2 4 5
2 5 17
2 6 14
2 7 13
2 8 1
2 9 13
2 10 15
2 11 2
2 12 9
2 13 11
2 14 1
2 15 10
2 16 1
2 17 9
2 18 2
2 19 12
2 20 9
2 21 3
2 22 15
2 23 6
2 24 6
2 25 17
2 26 7
2 27 8
2 28 4
2 29 19
2 30 2
2 31 13
2 32 12
2 33 10
2 34 4
2 35 14
2 36 19
2 37 10
2 38 5
2 39 7
2 40 5
2 41 8
2 42 19
2 43 7
2 44 8
2 45 20
2 46 1
2 47 5
2 48 14
2 49 4
3 4 18
3 5 3
3 6 15
3 7 4
3 8 19
3 9 19
3 10 17
3 11 14
3 12 12
3 13 12
3 14 21
3 15 2
3 16 12
3 17 15
3 18 7
3 19 12
3 20 19
3 21 5
3 22 9
3 23 2
3 24 11
3 25 12
3 26 21
3 27 18
3 28 16
3 29 1
3 30 13
3 31 4
3 32 4
3 33 7
3 34 10
3 35 2
3 36 6
3 37 20
3 38 13
3 39 7
3 40 16
3 41 8
3 42 13
3 43 7
3 44 14
3 45 16
3 46 11
3 47 12
3 48 2
3 49 5
4 5 18
4 6 9
4 7 3
4 8 8
4 9 15
4 10 12
4 11 20
4 12 15
4 13 8
4 14 1
4 15 9
4 16 6
4 17 13
4 18 2
4 19 9
4 20 14
4 21 14
4 22 10
4 23 15
4 24 12
4 25 20
4 26 21
4 27 17
4 28 17
4 29 20
4 30 16
4 31 12
4 32 1
4 33 17
4 34 1
4 35 18
4 36 4
4 37 20
4 38 11
4 39 9
4 40 11
4 41 21
4 42 2
4 43 3
4 44 10
4 45 10
4 46 17
4 47 12
4 48 15
4 49 16
5 6 14
5 7 19
5 8 14
5 9 3
5 10 6
5 11 8
5 12 19
5 13 4
5 14 14
5 15 18
5 16 19
5 17 16
5 18 3
5 19 19
5 20 20
5 21 1
5 22 17
5 23 13
5 24 5
5 25 18
5 26 21
5 27 18
5 28 5
5 29 21
5 30 12
5 31 2
5 32 18
5 33 7
5 34 8
5 35 10
5 36 19
5 37 12
5 38 20
5 39 2
5 40 5
5 41 8
5 42 16
5 43 3
5 44 19
5 45 20
5 46 15
5 47 14
5 48 10
5 49 5
6 7 13
6 8 21
6 9 19
6 10 5
6 11 8
6 12 9
6 13 18
6 14 12
6 15 14
6 16 2
6 17 12
6 18 18
6 19 10
6 20 18
6 21 2
6 22 6
6 23 12
6 24 9
6 25 15
6 26 11
6 27 18
6 28 6
6 29 20
6 30 10
6 31 21
6 32 19
6 33 2
6 34 13
6 35 1
6 36 13
6 37 5
6 38 8
6 39 9
6 40 18
6 41 11
6 42 17
6 43 9
6 44 19
6 45 15
6 46 1
6 47 11
6 48 5
6 49 17
7 8 10
7 9 1
7 10 1
7 11 9
7 12 12
7 13 11
7 14 13
7 15 4
7 16 2
7 17 12
7 18 20
7 19 6
7 20 18
7 21 4
7 22 12
7 23 9
7 24 1
7 25 5
7 26 21
7 27 4
7 28 17
7 29 21
7 30 15
7 31 13
7 32 7
7 33 6
7 34 15
7 35 3
7 36 18
7 37 19
7 38 2
7 39 10
7 40 7
7 41 1
7 42 12
7 43 9
7 44 12
7 45 4
7 46 2
7 47 12
7 48 12
7 49 19
8 9 3
8 10 19
8 11 13
8 12 18
8 13 11
8 14 19
8 15 2
8 16 15
8 17 7
8 18 19
8 19 13
8 20 18
8 21 4
8 22 21
8 23 11
8 24 3
8 25 14
8 26 19
8 27 4
8 28 4
8 29 6
8 30 1
8 31 6
8 32 13
8 33 6
8 34 16
8 35 9
8 36 19
8 37 1
8 38 15
8 39 3
8 40 12
8 41 17
8 42 21
8 43 21
8 44 7
8 45 19
8 46 17
8 47 15
8 48 20
8 49 19
9 10 10
9 11 15
9 12 17
9 13 14
9 14 15
9 15 14
9 16 21
9 17 4
9 18 4
9 19 4
9 20 9
9 21 20
9 22 4
9 23 21
9 24 3
9 25 15
9 26 15
9 27 2
9 28 16
9 29 9
9 30 2
9 31 21
9 32 12
9 33 10
9 34 10
9 35 3
9 36 8
9 37 15
9 38 15
9 39 14
9 40 20
9 41 16
9 42 15
9 43 6
9 44 20
9 45 5
9 46 3
9 47 6
9 48 9
9 49 4
10 11 12
10 12 15
10 13 17
10 14 5
10 15 7
10 16 20
10 17 19
10 18 10
10 19 20
10 20 14
10 21 8
10 22 16
10 23 19
10 24 6
10 25 1
10 26 18
10 27 19
10 28 13
10 29 5
10 30 18
10 31 21
10 32 17
10 33 18
10 34 20
10 35 7
10 36 20
10 37 14
10 38 16
10 39 7
10 40 13
10 41 21
10 42 5
10 43 21
10 44 12
10 45 16
10 46 5
10 47 10
10 48 16
10 49 2
11 12 21
11 13 8
11 14 9
11 15 21
11 16 3
11 17 18
11 18 17
11 19 12
11 20 6
11 21 6
11 22 21
11 23 18
11 24 4
11 25 8
11 26 5
11 27 20
11 28 20
11 29 5
11 30 12
11 31 1
11 32 15
11 33 1
11 34 19
11 35 10
11 36 18
11 37 8
11 38 17
11 39 3
11 40 16
11 41 4
11 42 4
11 43 20
11 44 11
11 45 21
11 46 6
11 47 1
11 48 6
11 49 19
12 13 19
12 14 17
12 15 3
12 16 19
12 17 4
12 18 19
12 19 2
12 20 14
12 21 21
12 22 21
12 23 17
12 24 18
12 25 5
12 26 11
12 27 8
12 28 14
12 29 4
12 30 4
12 31 19
12 32 8
12 33 10
12 34 19
12 35 19
12 36 20
12 37 11
12 38 10
12 39 13
12 40 4
12 41 6
12 42 7
12 43 11
12 44 10
12 45 1
12 46 5
12 47 3
12 48 7
12 49 9
13 14 19
13 15 10
13 16 1
13 17 11
13 18 14
13 19 5
13 20 9
13 21 2
13 22 15
13 23 9
13 24 1
13 25 14
13 26 12
13 27 14
13 28 13
13 29 12
13 30 20
13 31 2
13 32 5
13 33 15
13 34 7
13 35 9
13 36 20
13 37 3
13 38 17
13 39 17
13 40 10
13 41 10
13 42 14
13 43 19
13 44 4
13 45 12
13 46 7
13 47 21
13 48 4
13 49 1
14 15 6
14 16 16
14 17 2
14 18 1
14 19 10
14 20 16
14 21 11
14 22 14
14 23 15
14 24 13
14 25 15
14 26 17
14 27 12
14 28 2
14 29 2
14 30 6
14 31 1
14 32 11
14 33 18
14 34 4
14 35 1
14 36 20
14 37 2
14 38 21
14 39 2
14 40 21
14 41 20
14 42 2
14 43 13
14 44 18
14 45 16
14 46 8
14 47 2
14 48 15
14 49 10
15 16 13
15 17 12
15 18 3
15 19 15
15 20 15
15 21 13
15 22 12
15 23 9
15 24 2
15 25 9
15 26 15
15 27 7
15 28 11
15 29 6
15 30 1
15 31 11
15 32 4
15 33 15
15 34 19
15 35 18
15 36 10
15 37 18
15 38 14
15 39 2
15 40 14
15 41 10
15 42 4
15 43 9
15 44 7
15 45 4
15 46 3
15 47 12
15 48 19
15 49 11
16 17 10
16 18 4
16 19 7
16 20 4
16 21 10
16 22 13
16 23 2
16 24 15
16 25 8
16 26 10
16 27 19
16 28 10
16 29 9
16 30 15
16 31 6
16 32 1
16 33 21
16 34 19
16 35 11
16 36 15
16 37 10
16 38 14
16 39 10
16 40 2
16 41 4
16 42 7
16 43 18
16 44 15
16 45 11
16 46 2
16 47 7
16 48 6
16 49 3
17 18 19
17 19 16
17 20 20
17 21 19
17 22 1
17 23 20
17 24 14
17 25 14
17 26 11
17 27 6
17 28 12
17 29 14
17 30 14
17 31 5
17 32 6
17 33 12
17 34 21
17 35 7
17 36 2
17 37 7
17 38 8
17 39 11
17 40 8
17 41 8
17 42 10
17 43 4
17 44 7
17 45 19
17 46 19
17 47 9
17 48 14
17 49 9
18 19 14
18 20 7
18 21 15
18 22 18
18 23 6
18 24 19
18 25 3
18 26 13
18 27 10
18 28 15
18 29 20
18 30 13
18 31 14
18 32 8
18 33 12
18 34 15
18 35 18
18 36 10
18 37 9
18 38 12
18 39 5
18 40 17
18 41 2
18 42 17
18 43 21
18 44 5
18 45 5
18 46 19
18 47 4
18 48 17
18 49 14
19 20 13
19 21 5
19 22 5
19 23 4
19 24 14
19 25 4
19 26 17
19 27 9
19 28 3
19 29 1
19 30 20
19 31 2
19 32 12
19 33 11
19 34 11
19 35 5
19 36 20
19 37 18
19 38 2
19 39 20
19 40 7
19 41 7
19 42 21
19 43 15
19 44 11
19 45 19
19 46 2
19 47 1
19 48 15
19 49 12
20 21 18
20 22 12
20 23 8
20 24 12
20 25 11
20 26 13
20 27 4
20 28 6
20 29 15
20 30 11
20 31 14
20 32 18
20 33 18
20 34 6
20 35 19
20 36 5
20 37 6
20 38 2
20 39 8
20 40 9
20 41 14
20 42 8
20 43 5
20 44 6
20 45 16
20 46 21
20 47 5
20 48 1
20 49 18
21 22 10
21 23 15
21 24 20
21 25 19
21 26 6
21 27 8
21 28 8
21 29 4
21 30 5
21 31 18
21 32 3
21 33 4
21 34 10
21 35 13
21 36 5
21 37 21
21 38 4
21 39 8
21 40 16
21 41 6
21 42 19
21 43 21
21 44 1
21 45 21
21 46 18
21 47 17
21 48 3
21 49 20
22 23 2
22 24 1
22 25 16
22 26 14
22 27 5
22 28 18
22 29 19
22 30 19
22 31 14
22 32 17
22 33 20
22 34 13
22 35 19
22 36 11
22 37 21
22 38 17
22 39 5
22 40 17
22 41 11
22 42 1
22 43 3
22 44 15
22 45 20
22 46 11
22 47 19
22 48 21
22 49 11
23 24 16
23 25 10
23 26 14
23 27 8
23 28 4
23 29 14
23 30 11
23 31 13
23 32 6
23 33 2
23 34 6
23 35 1
23 36 8
23 37 6
23 38 2
23 39 11
23 40 15
23 41 8
23 42 3
23 43 9
23 44 17
23 45 21
23 46 17
23 47 19
23 48 14
23 49 2
24 25 20
24 26 15
24 27 5
24 28 19
24 29 11
24 30 11
24 31 8
24 32 6
24 33 5
24 34 8
24 35 6
24 36 19
24 37 18
24 38 20
24 39 14
24 40 4
24 41 15
24 42 1
24 43 21
24 44 20
24 45 1
24 46 18
24 47 11
24 48 7
24 49 15
25 26 19
25 27 15
25 28 13
25 29 4
25 30 7
25 31 10
25 32 5
25 33 9
25 34 3
25 35 18
25 36 5
25 37 12
25 38 15
25 39 11
25 40 2
25 41 6
25 42 5
25 43 9
25 44 14
25 45 7
25 46 14
25 47 12
25 48 20
25 49 14
26 27 18
26 28 4
26 29 16
26 30 8
26 31 11
26 32 11
26 33 20
26 34 4
26 35 3
26 36 5
26 37 10
26 38 6
26 39 10
26 40 8
26 41 9
26 42 20
26 43 2
26 44 14
26 45 11
26 46 19
26 47 15
26 48 8
26 49 10
27 28 18
27 29 7
27 30 9
27 31 9
27 32 14
27 33 12
27 34 11
27 35 20
27 36 15
27 37 8
27 38 19
27 39 1
27 40 21
27 41 18
27 42 8
27 43 5
27 44 7
27 45 15
27 46 14
27 47 9
27 48 17
27 49 3
28 29 17
28 30 14
28 31 8
28 32 5
28 33 3
28 34 14
28 35 9
28 36 17
28 37 17
28 38 12
28 39 4
28 40 10
28 41 6
28 42 12
28 43 19
28 44 17
28 45 5
28 46 16
28 47 5
28 48 7
28 49 3
29 30 2
29 31 21
29 32 8
29 33 16
29 34 4
29 35 21
29 36 11
29 37 18
29 38 6
29 39 2
29 40 2
29 41 15
29 42 13
29 43 19
29 44 14
29 45 8
29 46 9
29 47 5
29 48 16
29 49 3
30 31 5
30 32 12
30 33 16
30 34 10
30 35 7
30 36 3
30 37 17
30 38 12
30 39 8
30 40 9
30 41 15
30 42 9
30 43 1
30 44 14
30 45 14
30 46 14
30 47 12
30 48 7
30 49 18
31 32 16
31 33 1
31 34 8
31 35 7
31 36 4
31 37 18
31 38 11
31 39 19
31 40 9
31 41 21
31 42 15
31 43 9
31 44 18
31 45 21
31 46 18
31 47 7
31 48 9
31 49 21
32 33 4
32 34 17
32 35 1
32 36 6
32 37 18
32 38 17
32 39 10
32 40 2
32 41 13
32 42 9
32 43 2
32 44 8
32 45 17
32 46 2
32 47 3
32 48 4
32 49 3
33 34 2
33 35 8
33 36 17
33 37 12
33 38 14
33 39 10
33 40 20
33 41 18
33 42 14
33 43 19
33 44 13
33 45 11
33 46 21
33 47 1
33 48 7
33 49 14
34 35 1
34 36 5
34 37 8
34 38 8
34 39 21
34 40 13
34 41 18
34 42 6
34 43 2
34 44 18
34 45 3
34 46 13
34 47 3
34 48 7
34 49 17
35 36 13
35 37 15
35 38 8
35 39 15
35 40 1
35 41 7
35 42 8
35 43 19
35 44 15
35 45 2
35 46 4
35 47 3
35 48 17
35 49 19
36 37 8
36 38 17
36 39 17
36 40 15
36 41 4
36 42 20
36 43 15
36 44 7
36 45 20
36 46 17
36 47 5
36 48 15
36 49 6
37 38 1
37 39 10
37 40 21
37 41 20
37 42 3
37 43 8
37 44 9
37 45 3
37 46 3
37 47 14
37 48 20
37 49 11
38 39 15
38 40 20
38 41 9
38 42 10
38 43 19
38 44 6
38 45 18
38 46 6
38 47 8
38 48 18
38 49 19
39 40 16
39 41 15
39 42 4
39 43 16
39 44 8
39 45 21
39 46 17
39 47 11
39 48 10
39 49 12
40 41 7
40 42 6
40 43 3
40 44 1
40 45 19
40 46 12
40 47 10
40 48 16
40 49 2
41 42 11
41 43 13
41 44 19
41 45 10
41 46 21
41 47 7
41 48 8
41 49 2
42 43 7
42 44 3
42 45 14
42 46 19
42 47 7
42 48 2
42 49 18
43 44 21
43 45 9
43 46 11
43 47 2
43 48 20
43 49 14
44 45 2
44 46 14
44 47 4
44 48 9
44 49 7
45 46 2
45 47 16
45 48 7
45 49 6
46 47 2
46 48 13
46 49 2
47 48 9
47 49 8
48 49 9
